# unix_time, cycles_done, cur_path, paths_total, pending_total, pending_favs, map_size, unique_crashes, unique_hangs, max_depth, execs_per_sec
1529079384, 0, 0, 1, 1, 1, 0.26%, 0, 0, 1, 1428.57
1529079389, 0, 0, 4, 4, 1, 0.27%, 0, 0, 2, 1717.63
1529079399, 0, 2, 4, 2, 1, 0.27%, 0, 0, 2, 1780.80
1529079405, 1, 0, 4, 0, 0, 0.27%, 0, 0, 2, 1751.72
1529079410, 1, 1, 4, 0, 0, 0.27%, 0, 0, 2, 1753.28
1529079415, 2, 0, 4, 0, 0, 0.27%, 0, 0, 2, 1786.93
1529079425, 2, 1, 4, 0, 0, 0.27%, 0, 0, 2, 1672.87
1529079430, 2, 2, 4, 0, 0, 0.27%, 0, 0, 2, 1759.49
1529079435, 2, 3, 4, 0, 0, 0.27%, 0, 0, 2, 1786.92
1529079440, 3, 0, 4, 0, 0, 0.27%, 0, 0, 2, 1748.18
1529079450, 3, 1, 4, 0, 0, 0.27%, 0, 0, 2, 1788.34
1529079455, 3, 3, 4, 0, 0, 0.27%, 0, 0, 2, 1772.09
1529079465, 4, 0, 4, 0, 0, 0.27%, 0, 0, 2, 1766.79
1529079470, 4, 1, 4, 0, 0, 0.27%, 0, 0, 2, 1785.49
1529079476, 4, 2, 4, 0, 0, 0.27%, 0, 0, 2, 1797.28
1529079481, 4, 3, 4, 0, 0, 0.27%, 0, 0, 2, 1772.76
1529079486, 5, 0, 4, 0, 0, 0.27%, 0, 0, 2, 1726.91
1529079491, 5, 1, 4, 0, 0, 0.27%, 0, 0, 2, 1743.76
1529079496, 5, 2, 4, 0, 0, 0.27%, 0, 0, 2, 1782.76
1529079501, 5, 3, 4, 0, 0, 0.27%, 0, 0, 2, 1764.15
1529079506, 6, 0, 4, 0, 0, 0.27%, 0, 0, 2, 1763.69
1529079516, 6, 1, 4, 0, 0, 0.27%, 0, 0, 2, 1720.47
1529079522, 6, 3, 4, 0, 0, 0.27%, 0, 0, 2, 1808.48
1529079532, 7, 0, 4, 0, 0, 0.27%, 0, 0, 2, 1741.29
1529079537, 7, 1, 4, 0, 0, 0.27%, 0, 0, 2, 1751.84
1529079542, 7, 2, 4, 0, 0, 0.27%, 0, 0, 2, 1796.38
1529079547, 7, 3, 4, 0, 0, 0.27%, 0, 0, 2, 1760.25
1529079552, 8, 0, 4, 0, 0, 0.27%, 0, 0, 2, 1782.20
1529079557, 8, 1, 4, 0, 0, 0.27%, 0, 0, 2, 1749.86
1529079567, 8, 2, 4, 0, 0, 0.27%, 0, 0, 2, 1669.50
1529079572, 8, 3, 4, 0, 0, 0.27%, 0, 0, 2, 1622.94
1529079577, 9, 0, 4, 0, 0, 0.27%, 0, 0, 2, 1625.27
1529079582, 9, 1, 4, 0, 0, 0.27%, 0, 0, 2, 1634.39
1529079593, 9, 3, 4, 0, 0, 0.27%, 0, 0, 2, 1631.86
1529079598, 10, 0, 4, 0, 0, 0.27%, 0, 0, 2, 1632.35
1529079608, 10, 1, 4, 0, 0, 0.27%, 0, 0, 2, 1590.11
1529079613, 10, 3, 4, 0, 0, 0.27%, 0, 0, 2, 1636.64
1529079623, 11, 0, 4, 0, 0, 0.27%, 0, 0, 2, 1606.45
1529079628, 11, 1, 4, 0, 0, 0.27%, 0, 0, 2, 1629.34
1529079633, 11, 2, 4, 0, 0, 0.27%, 0, 0, 2, 1605.11
1529079638, 11, 3, 4, 0, 0, 0.27%, 0, 0, 2, 1615.18
1529079643, 12, 0, 4, 0, 0, 0.27%, 0, 0, 2, 1627.80
1529079648, 12, 1, 4, 0, 0, 0.27%, 0, 0, 2, 1639.88
1529079659, 12, 3, 4, 0, 0, 0.27%, 0, 0, 2, 1632.60
1529079669, 13, 0, 4, 0, 0, 0.27%, 0, 0, 2, 1616.68
1529079674, 13, 1, 4, 0, 0, 0.27%, 0, 0, 2, 1621.07
1529079684, 13, 3, 4, 0, 0, 0.27%, 0, 0, 2, 1627.08
1529079689, 14, 0, 4, 0, 0, 0.27%, 0, 0, 2, 1620.98
1529079694, 14, 1, 4, 0, 0, 0.27%, 0, 0, 2, 1583.37
1529079704, 14, 3, 4, 0, 0, 0.27%, 0, 0, 2, 1616.80
1529079714, 15, 0, 4, 0, 0, 0.27%, 0, 0, 2, 1620.09
1529079719, 15, 1, 4, 0, 0, 0.27%, 0, 0, 2, 1616.45
1529079730, 15, 3, 4, 0, 0, 0.27%, 0, 0, 2, 1611.46
1529079735, 16, 0, 4, 0, 0, 0.27%, 0, 0, 2, 1626.68
1529079745, 16, 1, 4, 0, 0, 0.27%, 0, 0, 2, 1611.75
1529079750, 16, 2, 4, 0, 0, 0.27%, 0, 1, 2, 1616.67
1529079755, 16, 3, 4, 0, 0, 0.27%, 0, 1, 2, 1598.36
1529079760, 17, 0, 4, 0, 0, 0.27%, 0, 1, 2, 1620.56
1529079765, 17, 1, 4, 0, 0, 0.27%, 0, 1, 2, 1619.03
1529079775, 17, 3, 4, 0, 0, 0.27%, 0, 1, 2, 1604.51
1529079785, 18, 0, 4, 0, 0, 0.27%, 0, 1, 2, 1610.32
1529079790, 18, 1, 4, 0, 0, 0.27%, 0, 1, 2, 1626.64
1529079795, 18, 2, 4, 0, 0, 0.27%, 0, 1, 2, 1607.90
1529079800, 18, 3, 4, 0, 0, 0.27%, 0, 1, 2, 1567.83
1529079810, 19, 0, 4, 0, 0, 0.27%, 0, 1, 2, 1619.84
1529079816, 19, 1, 4, 0, 0, 0.27%, 0, 1, 2, 1601.94
1529079821, 19, 2, 4, 0, 0, 0.27%, 0, 1, 2, 1616.23
1529079826, 19, 3, 4, 0, 0, 0.27%, 0, 1, 2, 1633.00
1529079831, 20, 0, 4, 0, 0, 0.27%, 0, 1, 2, 1616.60
1529079841, 20, 1, 4, 0, 0, 0.27%, 0, 1, 2, 1611.47
1529079846, 20, 3, 4, 0, 0, 0.27%, 0, 1, 2, 1624.57
1529079856, 21, 0, 4, 0, 0, 0.27%, 0, 1, 2, 1600.58
1529079866, 21, 1, 4, 0, 0, 0.27%, 0, 1, 2, 1635.81
1529079871, 21, 3, 4, 0, 0, 0.27%, 0, 1, 2, 1640.96
1529079881, 22, 0, 4, 0, 0, 0.27%, 0, 1, 2, 1595.32
1529079886, 22, 1, 4, 0, 0, 0.27%, 0, 1, 2, 1624.95
1529079896, 22, 3, 4, 0, 0, 0.27%, 0, 1, 2, 1595.08
1529079901, 23, 0, 4, 0, 0, 0.27%, 0, 1, 2, 1592.31
1529079912, 23, 1, 4, 0, 0, 0.27%, 0, 1, 2, 1618.37
1529079917, 23, 2, 4, 0, 0, 0.27%, 0, 1, 2, 1589.97
1529079922, 23, 3, 4, 0, 0, 0.27%, 0, 1, 2, 1598.43
1529079927, 24, 0, 4, 0, 0, 0.27%, 0, 1, 2, 1589.73
1529079937, 24, 1, 4, 0, 0, 0.27%, 0, 1, 2, 1583.27
1529079942, 24, 2, 4, 0, 0, 0.27%, 0, 1, 2, 1603.44
1529079947, 24, 3, 4, 0, 0, 0.27%, 0, 1, 2, 1602.26
1529079952, 25, 0, 4, 0, 0, 0.27%, 0, 1, 2, 1611.87
1529079962, 25, 1, 4, 0, 0, 0.27%, 0, 1, 2, 1558.10
1529079967, 25, 2, 4, 0, 0, 0.27%, 0, 1, 2, 1556.61
1529079972, 25, 3, 4, 0, 0, 0.27%, 0, 1, 2, 1608.32
1529079977, 26, 0, 4, 0, 0, 0.27%, 0, 1, 2, 1636.27
1529079988, 26, 1, 4, 0, 0, 0.27%, 0, 1, 2, 1570.65
1529079998, 26, 3, 4, 0, 0, 0.27%, 0, 1, 2, 1578.41
1529080003, 27, 0, 4, 0, 0, 0.27%, 0, 1, 2, 1614.26
1529080013, 27, 1, 4, 0, 0, 0.27%, 0, 1, 2, 1561.39
1529080018, 27, 2, 4, 0, 0, 0.27%, 0, 1, 2, 1613.12
1529080023, 27, 3, 4, 0, 0, 0.27%, 0, 1, 2, 1563.01
1529080028, 28, 0, 4, 0, 0, 0.27%, 0, 1, 2, 1588.06
1529080038, 28, 1, 4, 0, 0, 0.27%, 0, 1, 2, 1589.18
1529080043, 28, 2, 4, 0, 0, 0.27%, 0, 1, 2, 1607.09
1529080048, 28, 3, 4, 0, 0, 0.27%, 0, 1, 2, 1607.26
1529080053, 29, 0, 4, 0, 0, 0.27%, 0, 1, 2, 1606.78
1529080063, 29, 1, 4, 0, 0, 0.27%, 0, 1, 2, 1627.36
1529080068, 29, 3, 4, 0, 0, 0.27%, 0, 1, 2, 1597.47
1529080079, 30, 0, 4, 0, 0, 0.27%, 0, 1, 2, 1638.71
1529080084, 30, 1, 4, 0, 0, 0.27%, 0, 1, 2, 1604.30
1529080089, 30, 2, 4, 0, 0, 0.27%, 0, 1, 2, 1579.07
1529080094, 30, 3, 4, 0, 0, 0.27%, 0, 1, 2, 1617.13
1529080099, 31, 0, 4, 0, 0, 0.27%, 0, 1, 2, 1606.57
1529080109, 31, 1, 4, 0, 0, 0.27%, 0, 1, 2, 1618.14
1529080114, 31, 2, 4, 0, 0, 0.27%, 0, 1, 2, 1598.75
1529080119, 31, 3, 4, 0, 0, 0.27%, 0, 1, 2, 1618.37
1529080124, 32, 0, 4, 0, 0, 0.27%, 0, 1, 2, 1631.80
1529080134, 32, 1, 4, 0, 0, 0.27%, 0, 1, 2, 1609.84
1529080140, 32, 2, 4, 0, 0, 0.27%, 0, 1, 2, 1651.10
1529080145, 32, 3, 4, 0, 0, 0.27%, 0, 1, 2, 1626.27
1529080150, 33, 0, 4, 0, 0, 0.27%, 0, 1, 2, 1611.15
1529080155, 33, 1, 4, 0, 0, 0.27%, 0, 1, 2, 1611.26
1529080165, 33, 3, 4, 0, 0, 0.27%, 0, 1, 2, 1632.39
1529080175, 34, 0, 4, 0, 0, 0.27%, 0, 1, 2, 1574.52
1529080180, 34, 1, 4, 0, 0, 0.27%, 0, 1, 2, 1588.73
1529080185, 34, 2, 4, 0, 0, 0.27%, 0, 1, 2, 1616.15
1529080190, 34, 3, 4, 0, 0, 0.27%, 0, 1, 2, 1607.77
1529080196, 35, 0, 4, 0, 0, 0.27%, 0, 1, 2, 1582.30
1529080206, 35, 1, 4, 0, 0, 0.27%, 0, 1, 2, 1609.18
1529080211, 35, 2, 4, 0, 0, 0.27%, 0, 1, 2, 1608.71
1529080216, 35, 3, 4, 0, 0, 0.27%, 0, 1, 2, 1620.50
1529080221, 36, 0, 4, 0, 0, 0.27%, 0, 1, 2, 1591.04
1529080231, 36, 1, 4, 0, 0, 0.27%, 0, 1, 2, 1626.27
1529080237, 36, 3, 4, 0, 0, 0.27%, 0, 1, 2, 1592.80
1529080242, 37, 0, 4, 0, 0, 0.27%, 0, 1, 2, 1602.14
1529080252, 37, 1, 4, 0, 0, 0.27%, 0, 1, 2, 1591.59
1529080257, 37, 3, 4, 0, 0, 0.27%, 0, 1, 2, 1624.10
1529080267, 38, 0, 4, 0, 0, 0.27%, 0, 1, 2, 1579.40
1529080277, 38, 1, 4, 0, 0, 0.27%, 0, 1, 2, 1610.12
1529080282, 38, 3, 4, 0, 0, 0.27%, 0, 1, 2, 1609.50
1529080292, 39, 0, 4, 0, 0, 0.27%, 0, 1, 2, 1593.46
1529080297, 39, 1, 4, 0, 0, 0.27%, 0, 1, 2, 1584.03
1529080307, 39, 3, 4, 0, 0, 0.27%, 0, 1, 2, 1646.60
1529080317, 40, 0, 4, 0, 0, 0.27%, 0, 1, 2, 1609.98
1529080322, 40, 1, 4, 0, 0, 0.27%, 0, 1, 2, 1554.07
1529080333, 40, 3, 4, 0, 0, 0.27%, 0, 1, 2, 1622.17
1529080343, 41, 0, 4, 0, 0, 0.27%, 0, 1, 2, 1626.72
1529080348, 41, 1, 4, 0, 0, 0.27%, 0, 1, 2, 1610.93
1529080353, 41, 2, 4, 0, 0, 0.27%, 0, 1, 2, 1590.27
1529080358, 41, 3, 4, 0, 0, 0.27%, 0, 1, 2, 1619.48
1529080363, 42, 0, 4, 0, 0, 0.27%, 0, 1, 2, 1617.92
1529080373, 42, 1, 4, 0, 0, 0.27%, 0, 1, 2, 1601.37
1529080378, 42, 3, 4, 0, 0, 0.27%, 0, 1, 2, 1623.43
1529080388, 43, 0, 4, 0, 0, 0.27%, 0, 1, 2, 1595.50
1529080393, 43, 1, 4, 0, 0, 0.27%, 0, 1, 2, 1607.59
1529080398, 43, 2, 4, 0, 0, 0.27%, 0, 1, 2, 1595.85
1529080403, 43, 3, 4, 0, 0, 0.27%, 0, 1, 2, 1617.48
1529080413, 44, 0, 4, 0, 0, 0.27%, 0, 1, 2, 1574.84
1529080418, 44, 1, 4, 0, 0, 0.27%, 0, 1, 2, 1606.20
1529080424, 44, 2, 4, 0, 0, 0.27%, 0, 1, 2, 1634.10
1529080429, 44, 3, 4, 0, 0, 0.27%, 0, 1, 2, 1611.78
1529080434, 45, 0, 4, 0, 0, 0.27%, 0, 1, 2, 1605.49
1529080444, 45, 1, 4, 0, 0, 0.27%, 0, 1, 2, 1574.00
1529080449, 45, 2, 4, 0, 0, 0.27%, 0, 1, 2, 1621.10
1529080454, 45, 3, 4, 0, 0, 0.27%, 0, 1, 2, 1637.10
1529080459, 46, 0, 4, 0, 0, 0.27%, 0, 1, 2, 1590.72
1529080469, 46, 1, 4, 0, 0, 0.27%, 0, 1, 2, 1626.72
1529080474, 46, 3, 4, 0, 0, 0.27%, 0, 1, 2, 1598.77
1529080485, 47, 0, 4, 0, 0, 0.27%, 0, 1, 2, 1617.97
1529080490, 47, 1, 4, 0, 0, 0.27%, 0, 1, 2, 1630.17
1529080500, 47, 3, 4, 0, 0, 0.27%, 0, 1, 2, 1596.02
1529080510, 48, 0, 4, 0, 0, 0.27%, 0, 1, 2, 1616.20
1529080515, 48, 1, 4, 0, 0, 0.27%, 0, 1, 2, 1615.01
1529080520, 48, 2, 4, 0, 0, 0.27%, 0, 1, 2, 1576.15
1529080525, 48, 3, 4, 0, 0, 0.27%, 0, 1, 2, 1603.60
1529080530, 49, 0, 4, 0, 0, 0.27%, 0, 1, 2, 1619.78
1529080540, 49, 1, 4, 0, 0, 0.27%, 0, 1, 2, 1623.05
1529080545, 49, 3, 4, 0, 0, 0.27%, 0, 1, 2, 1617.66
1529080556, 50, 0, 4, 0, 0, 0.27%, 0, 1, 2, 1598.36
1529080561, 50, 1, 4, 0, 0, 0.27%, 0, 1, 2, 1592.86
1529080571, 50, 3, 4, 0, 0, 0.27%, 0, 1, 2, 1619.35
1529080576, 51, 0, 4, 0, 0, 0.27%, 0, 1, 2, 1624.39
1529080586, 51, 1, 4, 0, 0, 0.27%, 0, 1, 2, 1625.74
1529080591, 51, 2, 4, 0, 0, 0.27%, 0, 1, 2, 1619.48
1529080596, 51, 3, 4, 0, 0, 0.27%, 0, 1, 2, 1598.19
1529080601, 52, 0, 4, 0, 0, 0.27%, 0, 1, 2, 1609.27
1529080612, 52, 1, 4, 0, 0, 0.27%, 0, 1, 2, 1594.10
1529080617, 52, 2, 4, 0, 0, 0.27%, 0, 1, 2, 1629.25
1529080622, 52, 3, 4, 0, 0, 0.27%, 0, 1, 2, 1605.17
1529080627, 53, 0, 4, 0, 0, 0.27%, 0, 1, 2, 1613.62
1529080637, 53, 1, 4, 0, 0, 0.27%, 0, 1, 2, 1610.31
1529080642, 53, 3, 4, 0, 0, 0.27%, 0, 1, 2, 1628.94
1529080652, 54, 0, 4, 0, 0, 0.27%, 0, 1, 2, 1606.12
1529080657, 54, 1, 4, 0, 0, 0.27%, 0, 1, 2, 1600.61
1529080667, 54, 3, 4, 0, 0, 0.27%, 0, 1, 2, 1656.87
1529080677, 55, 0, 4, 0, 0, 0.27%, 0, 1, 2, 1625.55
1529080682, 55, 1, 4, 0, 0, 0.27%, 0, 1, 2, 1602.86
1529080693, 55, 3, 4, 0, 0, 0.27%, 0, 1, 2, 1631.82
1529080698, 56, 0, 4, 0, 0, 0.27%, 0, 1, 2, 1616.49
1529080708, 56, 1, 4, 0, 0, 0.27%, 0, 1, 2, 1623.45
1529080713, 56, 2, 4, 0, 0, 0.27%, 0, 1, 2, 1607.90
1529080718, 56, 3, 4, 0, 0, 0.27%, 0, 1, 2, 1607.54
1529080723, 57, 0, 4, 0, 0, 0.27%, 0, 1, 2, 1621.08
1529080733, 57, 1, 4, 0, 0, 0.27%, 0, 1, 2, 1616.41
1529080738, 57, 2, 4, 0, 0, 0.27%, 0, 1, 2, 1635.94
1529080744, 57, 3, 4, 0, 0, 0.27%, 0, 1, 2, 1612.45
1529080749, 58, 0, 4, 0, 0, 0.27%, 0, 1, 2, 1565.15
1529080754, 58, 1, 4, 0, 0, 0.27%, 0, 1, 2, 1602.38
1529080764, 58, 3, 4, 0, 0, 0.27%, 0, 1, 2, 1628.84
1529080774, 59, 0, 4, 0, 0, 0.27%, 0, 1, 2, 1590.99
1529080779, 59, 1, 4, 0, 0, 0.27%, 0, 1, 2, 1621.29
1529080789, 59, 3, 4, 0, 0, 0.27%, 0, 1, 2, 1603.66
1529080799, 60, 0, 4, 0, 0, 0.27%, 0, 1, 2, 1628.87
1529080804, 60, 1, 4, 0, 0, 0.27%, 0, 1, 2, 1584.79
1529080809, 60, 2, 4, 0, 0, 0.27%, 0, 1, 2, 1607.24
1529080814, 60, 3, 4, 0, 0, 0.27%, 0, 1, 2, 1621.43
1529080819, 61, 0, 4, 0, 0, 0.27%, 0, 1, 2, 1632.22
1529080829, 61, 1, 4, 0, 0, 0.27%, 0, 1, 2, 1631.42
1529080834, 61, 2, 4, 0, 0, 0.27%, 0, 1, 2, 1616.59
1529080839, 61, 3, 4, 0, 0, 0.27%, 0, 1, 2, 1629.42
1529080844, 62, 0, 4, 0, 0, 0.27%, 0, 1, 2, 1605.92
1529080854, 62, 1, 4, 0, 0, 0.27%, 0, 1, 2, 1625.21
1529080859, 62, 2, 4, 0, 0, 0.27%, 0, 1, 2, 1623.74
1529080865, 62, 3, 4, 0, 0, 0.27%, 0, 1, 2, 1610.83
1529080870, 63, 0, 4, 0, 0, 0.27%, 0, 1, 2, 1593.51
1529080875, 63, 1, 4, 0, 0, 0.27%, 0, 1, 2, 1629.25
1529080885, 63, 3, 4, 0, 0, 0.27%, 0, 1, 2, 1619.71
1529080890, 64, 0, 4, 0, 0, 0.27%, 0, 1, 2, 1609.81
1529080900, 64, 1, 4, 0, 0, 0.27%, 0, 1, 2, 1596.18
1529080905, 64, 2, 4, 0, 0, 0.27%, 0, 1, 2, 1589.70
1529080910, 64, 3, 4, 0, 0, 0.27%, 0, 1, 2, 1600.40
1529080915, 65, 0, 4, 0, 0, 0.27%, 0, 1, 2, 1593.38
1529080920, 65, 1, 4, 0, 0, 0.27%, 0, 1, 2, 1593.42
1529080930, 65, 3, 4, 0, 0, 0.27%, 0, 1, 2, 1617.54
1529080941, 66, 0, 4, 0, 0, 0.27%, 0, 1, 2, 1569.31
1529080946, 66, 1, 4, 0, 0, 0.27%, 0, 1, 2, 1579.53
1529080951, 66, 2, 4, 0, 0, 0.27%, 0, 1, 2, 1605.22
1529080956, 66, 3, 4, 0, 0, 0.27%, 0, 1, 2, 1604.99
1529080961, 67, 0, 4, 0, 0, 0.27%, 0, 1, 2, 1589.96
1529080971, 67, 1, 4, 0, 0, 0.27%, 0, 1, 2, 1588.37
1529080976, 67, 2, 4, 0, 0, 0.27%, 0, 1, 2, 1631.89
1529080981, 67, 3, 4, 0, 0, 0.27%, 0, 1, 2, 1577.47
1529080986, 68, 0, 4, 0, 0, 0.27%, 0, 1, 2, 1578.43
1529080991, 68, 1, 4, 0, 0, 0.27%, 0, 1, 2, 1615.40
1529081001, 68, 3, 4, 0, 0, 0.27%, 0, 1, 2, 1615.91
1529081011, 69, 0, 4, 0, 0, 0.27%, 0, 1, 2, 1576.52
1529081016, 69, 1, 4, 0, 0, 0.27%, 0, 1, 2, 1600.65
1529081021, 69, 2, 4, 0, 0, 0.27%, 0, 1, 2, 1607.04
1529081026, 69, 3, 4, 0, 0, 0.27%, 0, 1, 2, 1625.48
1529081032, 70, 0, 4, 0, 0, 0.27%, 0, 1, 2, 1609.55
1529081037, 70, 1, 4, 0, 0, 0.27%, 0, 1, 2, 1597.95
1529081047, 70, 3, 4, 0, 0, 0.27%, 0, 1, 2, 1581.69
1529081057, 71, 0, 4, 0, 0, 0.27%, 0, 1, 2, 1624.57
1529081062, 71, 1, 4, 0, 0, 0.27%, 0, 1, 2, 1596.72
1529081067, 71, 2, 4, 0, 0, 0.27%, 0, 1, 2, 1621.35
1529081072, 71, 3, 4, 0, 0, 0.27%, 0, 1, 2, 1595.12
1529081077, 72, 0, 4, 0, 0, 0.27%, 0, 1, 2, 1601.48
1529081087, 72, 1, 4, 0, 0, 0.27%, 0, 1, 2, 1635.22
1529081092, 72, 2, 4, 0, 0, 0.27%, 0, 1, 2, 1609.23
1529081097, 72, 3, 4, 0, 0, 0.27%, 0, 1, 2, 1595.93
1529081102, 73, 0, 4, 0, 0, 0.27%, 0, 1, 2, 1606.42
1529081112, 73, 1, 4, 0, 0, 0.27%, 0, 1, 2, 1612.60
1529081117, 73, 2, 4, 0, 0, 0.27%, 0, 1, 2, 1601.68
1529081123, 73, 3, 4, 0, 0, 0.27%, 0, 1, 2, 1591.94
1529081128, 74, 0, 4, 0, 0, 0.27%, 0, 1, 2, 1620.15
1529081133, 74, 1, 4, 0, 0, 0.27%, 0, 1, 2, 1610.89
1529081143, 74, 3, 4, 0, 0, 0.27%, 0, 1, 2, 1640.19
1529081148, 75, 0, 4, 0, 0, 0.27%, 0, 1, 2, 1631.84
1529081158, 75, 1, 4, 0, 0, 0.27%, 0, 1, 2, 1625.03
1529081163, 75, 2, 4, 0, 0, 0.27%, 0, 1, 2, 1619.64
1529081168, 75, 3, 4, 0, 0, 0.27%, 0, 1, 2, 1571.18
1529081173, 76, 0, 4, 0, 0, 0.27%, 0, 1, 2, 1634.37
1529081178, 76, 1, 4, 0, 0, 0.27%, 0, 1, 2, 1647.15
1529081188, 76, 3, 4, 0, 0, 0.27%, 0, 1, 2, 1630.73
1529081198, 77, 0, 4, 0, 0, 0.27%, 0, 1, 2, 1616.66
1529081204, 77, 1, 4, 0, 0, 0.27%, 0, 1, 2, 1614.97
1529081214, 77, 3, 4, 0, 0, 0.27%, 0, 1, 2, 1599.65
1529081219, 78, 0, 4, 0, 0, 0.27%, 0, 1, 2, 1609.23
1529081229, 78, 1, 4, 0, 0, 0.27%, 0, 1, 2, 1621.28
1529081234, 78, 2, 4, 0, 0, 0.27%, 0, 1, 2, 1628.81
1529081239, 78, 3, 4, 0, 0, 0.27%, 0, 1, 2, 1635.90
1529081244, 79, 0, 4, 0, 0, 0.27%, 0, 1, 2, 1603.74
1529081254, 79, 1, 4, 0, 0, 0.27%, 0, 1, 2, 1641.76
1529081259, 79, 3, 4, 0, 0, 0.27%, 0, 1, 2, 1634.57
1529081269, 80, 0, 4, 0, 0, 0.27%, 0, 1, 2, 1616.77
1529081274, 80, 1, 4, 0, 0, 0.27%, 0, 1, 2, 1613.77
1529081284, 80, 3, 4, 0, 0, 0.27%, 0, 1, 2, 1595.90
1529081294, 81, 0, 4, 0, 0, 0.27%, 0, 1, 2, 1606.25
1529081299, 81, 1, 4, 0, 0, 0.27%, 0, 1, 2, 1605.70
1529081309, 81, 3, 4, 0, 0, 0.27%, 0, 1, 2, 1616.59
1529081319, 82, 0, 4, 0, 0, 0.27%, 0, 1, 2, 1605.01
1529081325, 82, 1, 4, 0, 0, 0.27%, 0, 1, 2, 1623.53
1529081330, 82, 2, 4, 0, 0, 0.27%, 0, 1, 2, 1597.22
1529081335, 82, 3, 4, 0, 0, 0.27%, 0, 1, 2, 1618.17
1529081340, 83, 0, 4, 0, 0, 0.27%, 0, 1, 2, 1598.97
1529081350, 83, 1, 4, 0, 0, 0.27%, 0, 1, 2, 1623.59
1529081355, 83, 2, 4, 0, 0, 0.27%, 0, 1, 2, 1628.88
1529081360, 83, 3, 4, 0, 0, 0.27%, 0, 1, 2, 1657.71
1529081365, 84, 0, 4, 0, 0, 0.27%, 0, 1, 2, 1614.70
1529081375, 84, 1, 4, 0, 0, 0.27%, 0, 1, 2, 1633.51
1529081380, 84, 2, 4, 0, 0, 0.27%, 0, 1, 2, 1628.27
1529081385, 84, 3, 4, 0, 0, 0.27%, 0, 1, 2, 1631.27
1529081390, 85, 0, 4, 0, 0, 0.27%, 0, 1, 2, 1629.77
1529081400, 85, 1, 4, 0, 0, 0.27%, 0, 1, 2, 1610.63
1529081405, 85, 2, 4, 0, 0, 0.27%, 0, 1, 2, 1604.06
1529081411, 85, 3, 4, 0, 0, 0.27%, 0, 1, 2, 1595.06
1529081416, 86, 0, 4, 0, 0, 0.27%, 0, 1, 2, 1604.56
1529081421, 86, 1, 4, 0, 0, 0.27%, 0, 1, 2, 1597.15
1529081431, 86, 3, 4, 0, 0, 0.27%, 0, 1, 2, 1616.50
1529081441, 87, 0, 4, 0, 0, 0.27%, 0, 1, 2, 1604.75
1529081446, 87, 1, 4, 0, 0, 0.27%, 0, 1, 2, 1630.34
1529081451, 87, 2, 4, 0, 0, 0.27%, 0, 1, 2, 1627.80
1529081456, 87, 3, 4, 0, 0, 0.27%, 0, 1, 2, 1617.98
1529081461, 88, 0, 4, 0, 0, 0.27%, 0, 1, 2, 1595.64
1529081471, 88, 1, 4, 0, 0, 0.27%, 0, 1, 2, 1612.46
1529081476, 88, 2, 4, 0, 0, 0.27%, 0, 1, 2, 1621.21
1529081482, 88, 3, 4, 0, 0, 0.27%, 0, 1, 2, 1624.10
1529081487, 89, 0, 4, 0, 0, 0.27%, 0, 1, 2, 1628.86
1529081497, 89, 1, 4, 0, 0, 0.27%, 0, 1, 2, 1611.13
1529081502, 89, 3, 4, 0, 0, 0.27%, 0, 1, 2, 1616.03
1529081512, 90, 0, 4, 0, 0, 0.27%, 0, 1, 2, 1592.12
1529081517, 90, 1, 4, 0, 0, 0.27%, 0, 1, 2, 1580.64
1529081527, 90, 3, 4, 0, 0, 0.27%, 0, 1, 2, 1570.86
1529081537, 91, 0, 4, 0, 0, 0.27%, 0, 1, 2, 1591.42
1529081542, 91, 1, 4, 0, 0, 0.27%, 0, 1, 2, 1591.38
1529081547, 91, 2, 4, 0, 0, 0.27%, 0, 1, 2, 1620.16
1529081552, 91, 3, 4, 0, 0, 0.27%, 0, 1, 2, 1572.40
1529081557, 92, 0, 4, 0, 0, 0.27%, 0, 1, 2, 1601.69
1529081562, 92, 1, 4, 0, 0, 0.27%, 0, 1, 2, 1588.42
1529081573, 92, 3, 4, 0, 0, 0.27%, 0, 1, 2, 1573.68
1529081583, 93, 0, 4, 0, 0, 0.27%, 0, 1, 2, 1569.94
1529081593, 93, 1, 4, 0, 0, 0.27%, 0, 1, 2, 1607.56
1529081598, 93, 2, 4, 0, 0, 0.27%, 0, 1, 2, 1622.30
1529081603, 93, 3, 4, 0, 0, 0.27%, 0, 1, 2, 1581.20
1529081608, 94, 0, 4, 0, 0, 0.27%, 0, 1, 2, 1624.11
1529081618, 94, 1, 4, 0, 0, 0.27%, 0, 1, 2, 1619.37
1529081623, 94, 3, 4, 0, 0, 0.27%, 0, 1, 2, 1589.86
1529081633, 95, 0, 4, 0, 0, 0.27%, 0, 1, 2, 1595.37
1529081638, 95, 1, 4, 0, 0, 0.27%, 0, 1, 2, 1608.37
1529081643, 95, 2, 4, 0, 0, 0.27%, 0, 1, 2, 1583.74
1529081648, 95, 3, 4, 0, 0, 0.27%, 0, 1, 2, 1582.25
1529081654, 96, 0, 4, 0, 0, 0.27%, 0, 1, 2, 1587.81
1529081664, 96, 1, 4, 0, 0, 0.27%, 0, 1, 2, 1586.33
1529081669, 96, 2, 4, 0, 0, 0.27%, 0, 1, 2, 1612.44
1529081674, 96, 3, 4, 0, 0, 0.27%, 0, 1, 2, 1549.69
1529081679, 97, 0, 4, 0, 0, 0.27%, 0, 1, 2, 1611.29
1529081684, 97, 1, 4, 0, 0, 0.27%, 0, 1, 2, 1632.99
1529081694, 97, 3, 4, 0, 0, 0.27%, 0, 1, 2, 1591.69
1529081704, 98, 0, 4, 0, 0, 0.27%, 0, 1, 2, 1615.62
1529081709, 98, 1, 4, 0, 0, 0.27%, 0, 1, 2, 1641.62
1529081719, 98, 3, 4, 0, 0, 0.27%, 0, 1, 2, 1607.89
1529081724, 99, 0, 4, 0, 0, 0.27%, 0, 1, 2, 1620.07
1529081735, 99, 1, 4, 0, 0, 0.27%, 0, 1, 2, 1603.70
1529081740, 99, 2, 4, 0, 0, 0.27%, 0, 1, 2, 1629.86
1529081745, 99, 3, 4, 0, 0, 0.27%, 0, 1, 2, 1637.76
1529081750, 100, 0, 4, 0, 0, 0.27%, 0, 1, 2, 1595.28
1529081760, 100, 1, 4, 0, 0, 0.27%, 0, 1, 2, 1588.11
1529081770, 100, 3, 4, 0, 0, 0.27%, 0, 1, 2, 1613.05
1529081775, 101, 0, 4, 0, 0, 0.27%, 0, 1, 2, 1621.62
1529081785, 101, 1, 4, 0, 0, 0.27%, 0, 1, 2, 1595.47
1529081790, 101, 2, 4, 0, 0, 0.27%, 0, 1, 2, 1606.75
1529081795, 101, 3, 4, 0, 0, 0.27%, 0, 1, 2, 1621.21
1529081801, 102, 0, 4, 0, 0, 0.27%, 0, 1, 2, 1587.31
1529081811, 102, 1, 4, 0, 0, 0.27%, 0, 1, 2, 1637.75
1529081816, 102, 2, 4, 0, 0, 0.27%, 0, 1, 2, 1615.56
1529081821, 102, 3, 4, 0, 0, 0.27%, 0, 1, 2, 1563.39
1529081826, 103, 0, 4, 0, 0, 0.27%, 0, 1, 2, 1596.35
1529081836, 103, 1, 4, 0, 0, 0.27%, 0, 1, 2, 1616.33
1529081841, 103, 2, 4, 0, 0, 0.27%, 0, 1, 2, 1611.79
1529081846, 103, 3, 4, 0, 0, 0.27%, 0, 1, 2, 1585.94
1529081851, 104, 0, 4, 0, 0, 0.27%, 0, 1, 2, 1628.74
1529081856, 104, 1, 4, 0, 0, 0.27%, 0, 1, 2, 1620.53
1529081866, 104, 3, 4, 0, 0, 0.27%, 0, 1, 2, 1631.68
1529081871, 105, 0, 4, 0, 0, 0.27%, 0, 1, 2, 1601.43
1529081881, 105, 1, 4, 0, 0, 0.27%, 0, 1, 2, 1632.60
1529081892, 105, 3, 4, 0, 0, 0.27%, 0, 1, 2, 1629.04
1529081897, 106, 0, 4, 0, 0, 0.27%, 0, 1, 2, 1631.28
1529081907, 106, 1, 4, 0, 0, 0.27%, 0, 1, 2, 1606.28
1529081912, 106, 2, 4, 0, 0, 0.27%, 0, 1, 2, 1613.25
1529081917, 106, 3, 4, 0, 0, 0.27%, 0, 1, 2, 1609.86
1529081922, 107, 0, 4, 0, 0, 0.27%, 0, 1, 2, 1630.46
1529081932, 107, 1, 4, 0, 0, 0.27%, 0, 1, 2, 1638.16
1529081937, 107, 2, 4, 0, 0, 0.27%, 0, 1, 2, 1591.14
1529081942, 107, 3, 4, 0, 0, 0.27%, 0, 1, 2, 1564.21
1529081947, 108, 0, 4, 0, 0, 0.27%, 0, 1, 2, 1594.71
1529081957, 108, 1, 4, 0, 0, 0.27%, 0, 1, 2, 1632.68
1529081962, 108, 2, 4, 0, 0, 0.27%, 0, 1, 2, 1616.65
1529081967, 108, 3, 4, 0, 0, 0.27%, 0, 1, 2, 1607.11
1529081972, 109, 0, 4, 0, 0, 0.27%, 0, 1, 2, 1600.49
1529081977, 109, 1, 4, 0, 0, 0.27%, 0, 1, 2, 1612.45
1529081982, 109, 2, 4, 0, 0, 0.27%, 0, 1, 2, 1598.26
1529081987, 109, 3, 4, 0, 0, 0.27%, 0, 1, 2, 1632.19
1529081992, 110, 0, 4, 0, 0, 0.27%, 0, 1, 2, 1622.92
1529082002, 110, 1, 4, 0, 0, 0.27%, 0, 1, 2, 1556.73
1529082008, 110, 2, 4, 0, 0, 0.27%, 0, 1, 2, 1592.97
1529082013, 110, 3, 4, 0, 0, 0.27%, 0, 1, 2, 1623.90
1529082018, 111, 0, 4, 0, 0, 0.27%, 0, 1, 2, 1640.92
1529082028, 111, 1, 4, 0, 0, 0.27%, 0, 1, 2, 1608.19
1529082033, 111, 2, 4, 0, 0, 0.27%, 0, 1, 2, 1590.61
1529082038, 111, 3, 4, 0, 0, 0.27%, 0, 1, 2, 1589.15
1529082043, 112, 0, 4, 0, 0, 0.27%, 0, 1, 2, 1598.65
1529082053, 112, 1, 4, 0, 0, 0.27%, 0, 1, 2, 1590.03
1529082058, 112, 2, 4, 0, 0, 0.27%, 0, 1, 2, 1588.66
1529082063, 112, 3, 4, 0, 0, 0.27%, 0, 1, 2, 1575.46
1529082068, 113, 0, 4, 0, 0, 0.27%, 0, 1, 2, 1580.36
1529082078, 113, 1, 4, 0, 0, 0.27%, 0, 1, 2, 1572.15
1529082083, 113, 2, 4, 0, 0, 0.27%, 0, 1, 2, 1591.16
1529082089, 113, 3, 4, 0, 0, 0.27%, 0, 1, 2, 1612.63
1529082094, 114, 0, 4, 0, 0, 0.27%, 0, 1, 2, 1582.28
1529082099, 114, 1, 4, 0, 0, 0.27%, 0, 1, 2, 1607.47
1529082109, 114, 3, 4, 0, 0, 0.27%, 0, 1, 2, 1633.00
1529082119, 115, 0, 4, 0, 0, 0.27%, 0, 1, 2, 1624.14
1529082124, 115, 1, 4, 0, 0, 0.27%, 0, 1, 2, 1558.54
1529082134, 115, 3, 4, 0, 0, 0.27%, 0, 1, 2, 1597.05
1529082139, 116, 0, 4, 0, 0, 0.27%, 0, 1, 2, 1639.01
1529082149, 116, 1, 4, 0, 0, 0.27%, 0, 1, 2, 1603.47
1529082154, 116, 2, 4, 0, 0, 0.27%, 0, 1, 2, 1589.45
1529082159, 116, 3, 4, 0, 0, 0.27%, 0, 1, 2, 1629.26
1529082165, 117, 0, 4, 0, 0, 0.27%, 0, 1, 2, 1608.87
1529082175, 117, 1, 4, 0, 0, 0.27%, 0, 1, 2, 1594.16
1529082180, 117, 3, 4, 0, 0, 0.27%, 0, 1, 2, 1613.07
1529082190, 118, 0, 4, 0, 0, 0.27%, 0, 1, 2, 1628.01
1529082195, 118, 1, 4, 0, 0, 0.27%, 0, 1, 2, 1620.22
1529082205, 118, 3, 4, 0, 0, 0.27%, 0, 1, 2, 1608.07
1529082215, 119, 0, 4, 0, 0, 0.27%, 0, 1, 2, 1612.34
1529082220, 119, 1, 4, 0, 0, 0.27%, 0, 1, 2, 1618.77
1529082225, 119, 2, 4, 0, 0, 0.27%, 0, 1, 2, 1616.33
1529082230, 119, 3, 4, 0, 0, 0.27%, 0, 1, 2, 1639.09
1529082236, 120, 0, 4, 0, 0, 0.27%, 0, 1, 2, 1616.26
1529082246, 120, 1, 4, 0, 0, 0.27%, 0, 1, 2, 1564.87
1529082251, 120, 2, 4, 0, 0, 0.27%, 0, 1, 2, 1629.81
1529082256, 120, 3, 4, 0, 0, 0.27%, 0, 1, 2, 1634.52
1529082261, 121, 0, 4, 0, 0, 0.27%, 0, 1, 2, 1624.20
1529082266, 121, 1, 4, 0, 0, 0.27%, 0, 1, 2, 1607.08
1529082276, 121, 3, 4, 0, 0, 0.27%, 0, 1, 2, 1596.54
1529082286, 122, 0, 4, 0, 0, 0.27%, 0, 1, 2, 1616.51
1529082291, 122, 1, 4, 0, 0, 0.27%, 0, 1, 2, 1619.04
1529082302, 122, 3, 4, 0, 0, 0.27%, 0, 1, 2, 1586.60
1529082312, 123, 0, 4, 0, 0, 0.27%, 0, 1, 2, 1601.25
1529082317, 123, 1, 4, 0, 0, 0.27%, 0, 1, 2, 1635.43
1529082322, 123, 2, 4, 0, 0, 0.27%, 0, 1, 2, 1620.90
1529082327, 123, 3, 4, 0, 0, 0.27%, 0, 1, 2, 1602.92
1529082337, 124, 0, 4, 0, 0, 0.27%, 0, 1, 2, 1607.24
1529082342, 124, 1, 4, 0, 0, 0.27%, 0, 1, 2, 1593.90
1529082352, 124, 3, 4, 0, 0, 0.27%, 0, 1, 2, 1589.69
1529082357, 125, 0, 4, 0, 0, 0.27%, 0, 1, 2, 1580.65
1529082368, 125, 1, 4, 0, 0, 0.27%, 0, 1, 2, 1588.58
1529082373, 125, 2, 4, 0, 0, 0.27%, 0, 1, 2, 1609.34
1529082378, 125, 3, 4, 0, 0, 0.27%, 0, 1, 2, 1609.13
1529082383, 126, 0, 4, 0, 0, 0.27%, 0, 1, 2, 1575.79
1529082388, 126, 1, 4, 0, 0, 0.27%, 0, 1, 2, 1598.97
1529082398, 126, 3, 4, 0, 0, 0.27%, 0, 1, 2, 1606.65
1529082408, 127, 0, 4, 0, 0, 0.27%, 0, 1, 2, 1629.71
1529082413, 127, 1, 4, 0, 0, 0.27%, 0, 1, 2, 1614.77
1529082423, 127, 3, 4, 0, 0, 0.27%, 0, 1, 2, 1597.52
1529082428, 128, 0, 4, 0, 0, 0.27%, 0, 1, 2, 1586.68
1529082438, 128, 1, 4, 0, 0, 0.27%, 0, 1, 2, 1609.06
1529082443, 128, 2, 4, 0, 0, 0.27%, 0, 1, 2, 1615.16
1529082448, 128, 3, 4, 0, 0, 0.27%, 0, 1, 2, 1599.07
1529082453, 129, 0, 4, 0, 0, 0.27%, 0, 1, 2, 1610.77
1529082458, 129, 1, 4, 0, 0, 0.27%, 0, 1, 2, 1571.19
1529082469, 129, 3, 4, 0, 0, 0.27%, 0, 1, 2, 1623.10
1529082479, 130, 0, 4, 0, 0, 0.27%, 0, 1, 2, 1634.16
1529082484, 130, 1, 4, 0, 0, 0.27%, 0, 1, 2, 1599.98
1529082494, 130, 3, 4, 0, 0, 0.27%, 0, 1, 2, 1606.07
1529082504, 131, 0, 4, 0, 0, 0.27%, 0, 1, 2, 1583.68
1529082509, 131, 1, 4, 0, 0, 0.27%, 0, 1, 2, 1619.83
1529082519, 131, 3, 4, 0, 0, 0.27%, 0, 1, 2, 1615.89
1529082529, 132, 0, 4, 0, 0, 0.27%, 0, 1, 2, 1613.17
1529082534, 132, 1, 4, 0, 0, 0.27%, 0, 1, 2, 1607.59
1529082539, 132, 2, 4, 0, 0, 0.27%, 0, 1, 2, 1584.81
1529082545, 132, 3, 4, 0, 0, 0.27%, 0, 1, 2, 1566.16
1529082550, 133, 0, 4, 0, 0, 0.27%, 0, 1, 2, 1555.53
1529082560, 133, 1, 4, 0, 0, 0.27%, 0, 1, 2, 1602.94
1529082565, 133, 2, 4, 0, 0, 0.27%, 0, 1, 2, 1593.32
1529082570, 133, 3, 4, 0, 0, 0.27%, 0, 1, 2, 1595.80
1529082575, 134, 0, 4, 0, 0, 0.27%, 0, 1, 2, 1565.60
1529082580, 134, 1, 4, 0, 0, 0.27%, 0, 1, 2, 1584.92
1529082590, 134, 3, 4, 0, 0, 0.27%, 0, 1, 2, 1597.76
1529082600, 135, 0, 4, 0, 0, 0.27%, 0, 1, 2, 1570.34
1529082605, 135, 1, 4, 0, 0, 0.27%, 0, 1, 2, 1518.28
1529082615, 135, 3, 4, 0, 0, 0.27%, 0, 1, 2, 1587.67
1529082620, 136, 0, 4, 0, 0, 0.27%, 0, 1, 2, 1621.05
1529082631, 136, 1, 4, 0, 0, 0.27%, 0, 1, 2, 1591.58
1529082636, 136, 2, 4, 0, 0, 0.27%, 0, 1, 2, 1571.35
1529082641, 136, 3, 4, 0, 0, 0.27%, 0, 1, 2, 1615.99
1529082646, 137, 0, 4, 0, 0, 0.27%, 0, 1, 2, 1608.78
1529082656, 137, 1, 4, 0, 0, 0.27%, 0, 1, 2, 1596.99
1529082661, 137, 3, 4, 0, 0, 0.27%, 0, 1, 2, 1620.20
1529082671, 138, 0, 4, 0, 0, 0.27%, 0, 1, 2, 1603.56
1529082676, 138, 1, 4, 0, 0, 0.27%, 0, 1, 2, 1613.34
1529082686, 138, 3, 4, 0, 0, 0.27%, 0, 1, 2, 1601.14
1529082696, 139, 0, 4, 0, 0, 0.27%, 0, 1, 2, 1575.52
1529082702, 139, 1, 4, 0, 0, 0.27%, 0, 1, 2, 1596.28
1529082712, 139, 3, 4, 0, 0, 0.27%, 0, 1, 2, 1620.24
1529082717, 140, 0, 4, 0, 0, 0.27%, 0, 1, 2, 1585.31
1529082727, 140, 1, 4, 0, 0, 0.27%, 0, 1, 2, 1586.28
1529082732, 140, 2, 4, 0, 0, 0.27%, 0, 1, 2, 1622.32
1529082737, 140, 3, 4, 0, 0, 0.27%, 0, 1, 2, 1606.28
1529082747, 141, 0, 4, 0, 0, 0.27%, 0, 1, 2, 1586.84
1529082752, 141, 1, 4, 0, 0, 0.27%, 0, 1, 2, 1613.50
1529082757, 141, 2, 4, 0, 0, 0.27%, 0, 1, 2, 1572.45
1529082762, 141, 3, 4, 0, 0, 0.27%, 0, 1, 2, 1580.13
1529082767, 142, 0, 4, 0, 0, 0.27%, 0, 1, 2, 1595.39
1529082777, 142, 1, 4, 0, 0, 0.27%, 0, 1, 2, 1582.14
1529082782, 142, 3, 4, 0, 0, 0.27%, 0, 1, 2, 1578.76
1529082792, 143, 0, 4, 0, 0, 0.27%, 0, 1, 2, 1621.47
1529082797, 143, 1, 4, 0, 0, 0.27%, 0, 1, 2, 1621.97
1529082807, 143, 3, 4, 0, 0, 0.27%, 0, 1, 2, 1608.69
1529082818, 144, 0, 4, 0, 0, 0.27%, 0, 1, 2, 1610.09
1529082823, 144, 1, 4, 0, 0, 0.27%, 0, 1, 2, 1623.07
1529082828, 144, 2, 4, 0, 0, 0.27%, 0, 1, 2, 1584.11
1529082833, 144, 3, 4, 0, 0, 0.27%, 0, 1, 2, 1609.72
1529082838, 145, 0, 4, 0, 0, 0.27%, 0, 1, 2, 1605.23
1529082843, 145, 1, 4, 0, 0, 0.27%, 0, 1, 2, 1608.96
1529082848, 145, 2, 4, 0, 0, 0.27%, 0, 1, 2, 1596.02
1529082853, 145, 3, 4, 0, 0, 0.27%, 0, 1, 2, 1621.22
1529082858, 146, 0, 4, 0, 0, 0.27%, 0, 1, 2, 1622.70
1529082863, 146, 1, 4, 0, 0, 0.27%, 0, 1, 2, 1606.63
1529082873, 146, 3, 4, 0, 0, 0.27%, 0, 1, 2, 1574.76
1529082883, 147, 0, 4, 0, 0, 0.27%, 0, 1, 2, 1609.34
1529082888, 147, 1, 4, 0, 0, 0.27%, 0, 1, 2, 1576.52
1529082893, 147, 2, 4, 0, 0, 0.27%, 0, 1, 2, 1576.94
1529082898, 147, 3, 4, 0, 0, 0.27%, 0, 1, 2, 1579.69
1529082908, 148, 0, 4, 0, 0, 0.27%, 0, 1, 2, 1585.15
1529082914, 148, 1, 4, 0, 0, 0.27%, 0, 1, 2, 1605.60
1529082924, 148, 3, 4, 0, 0, 0.27%, 0, 1, 2, 1510.66
1529082934, 149, 0, 4, 0, 0, 0.27%, 0, 1, 2, 1565.85
1529082939, 149, 1, 4, 0, 0, 0.27%, 0, 1, 2, 1553.48
1529082949, 149, 3, 4, 0, 0, 0.27%, 0, 1, 2, 1599.64
1529082959, 150, 0, 4, 0, 0, 0.27%, 0, 1, 2, 99.83
1529082965, 150, 0, 4, 0, 0, 0.27%, 0, 2, 2, 99.89
1529082985, 150, 0, 4, 0, 0, 0.27%, 0, 3, 2, 97.96
1529083032, 150, 1, 4, 0, 0, 0.27%, 0, 3, 2, 99.90
1529083134, 150, 2, 4, 0, 0, 0.27%, 0, 3, 2, 96.65
1529083170, 150, 3, 4, 0, 0, 0.27%, 0, 3, 2, 99.06
1529083283, 151, 0, 4, 0, 0, 0.27%, 0, 3, 2, 95.81
1529083390, 151, 1, 4, 0, 0, 0.27%, 0, 3, 2, 99.96
1529083503, 151, 2, 4, 0, 0, 0.27%, 0, 3, 2, 98.98
1529083543, 151, 3, 4, 0, 0, 0.27%, 0, 3, 2, 99.78
1529083667, 152, 0, 4, 0, 0, 0.27%, 0, 3, 2, 99.98
1529083780, 152, 1, 4, 0, 0, 0.27%, 0, 3, 2, 99.82
1529083878, 152, 2, 4, 0, 0, 0.27%, 0, 3, 2, 99.95
1529083919, 152, 3, 4, 0, 0, 0.27%, 0, 3, 2, 96.40
1529084041, 153, 0, 4, 0, 0, 0.27%, 0, 3, 2, 99.11
1529084153, 153, 1, 4, 0, 0, 0.27%, 0, 3, 2, 99.96
1529084277, 153, 2, 4, 0, 0, 0.27%, 0, 3, 2, 100.00
1529084317, 153, 3, 4, 0, 0, 0.27%, 0, 3, 2, 100.47
1529084444, 154, 0, 4, 0, 0, 0.27%, 0, 3, 2, 99.99
1529084583, 154, 1, 4, 0, 0, 0.27%, 0, 3, 2, 99.19
1529084695, 154, 2, 4, 0, 0, 0.27%, 0, 3, 2, 99.97
1529084731, 154, 3, 4, 0, 0, 0.27%, 0, 3, 2, 98.22
1529084843, 155, 0, 4, 0, 0, 0.27%, 0, 3, 2, 99.93
1529084950, 155, 1, 4, 0, 0, 0.27%, 0, 3, 2, 99.87
1529085073, 155, 2, 4, 0, 0, 0.27%, 0, 3, 2, 99.91
1529085109, 155, 3, 4, 0, 0, 0.27%, 0, 3, 2, 99.73
1529085221, 156, 0, 4, 0, 0, 0.27%, 0, 3, 2, 99.73
1529085344, 156, 1, 4, 0, 0, 0.27%, 0, 3, 2, 99.67
1529085447, 156, 2, 4, 0, 0, 0.27%, 0, 3, 2, 99.64
1529085487, 156, 3, 4, 0, 0, 0.27%, 0, 3, 2, 99.62
1529085611, 157, 0, 4, 0, 0, 0.27%, 0, 3, 2, 99.17
1529085744, 157, 1, 4, 0, 0, 0.27%, 0, 3, 2, 99.99
1529085886, 157, 2, 4, 0, 0, 0.27%, 0, 3, 2, 75.92
1529085892, 157, 2, 4, 0, 0, 0.27%, 0, 4, 2, 87.12
1529085942, 157, 3, 4, 0, 0, 0.27%, 0, 4, 2, 61.07
1529086105, 158, 0, 4, 0, 0, 0.27%, 0, 4, 2, 68.29
1529086273, 158, 1, 4, 0, 0, 0.27%, 0, 4, 2, 67.25
1529086435, 158, 2, 4, 0, 0, 0.27%, 0, 4, 2, 68.24
1529086492, 158, 3, 4, 0, 0, 0.27%, 0, 4, 2, 69.67
1529086680, 159, 0, 4, 0, 0, 0.27%, 0, 4, 2, 68.56
1529086873, 159, 1, 4, 0, 0, 0.27%, 0, 4, 2, 53.86
1529087055, 159, 2, 4, 0, 0, 0.27%, 0, 4, 2, 67.55
1529087115, 159, 3, 4, 0, 0, 0.27%, 0, 4, 2, 53.03
1529087325, 160, 0, 4, 0, 0, 0.27%, 0, 4, 2, 56.59
1529087552, 160, 1, 4, 0, 0, 0.27%, 0, 4, 2, 71.35
1529087700, 160, 2, 4, 0, 0, 0.27%, 0, 4, 2, 74.76
1529087752, 160, 3, 4, 0, 0, 0.27%, 0, 4, 2, 70.62
1529087975, 161, 0, 4, 0, 0, 0.27%, 0, 4, 2, 78.43
1529088168, 161, 1, 4, 0, 0, 0.27%, 0, 4, 2, 73.57
1529088336, 161, 2, 4, 0, 0, 0.27%, 0, 4, 2, 63.22
1529088387, 161, 3, 4, 0, 0, 0.27%, 0, 4, 2, 66.98
1529088585, 162, 0, 4, 0, 0, 0.27%, 0, 4, 2, 51.26
1529088804, 162, 1, 4, 0, 0, 0.27%, 0, 4, 2, 68.11
1529088987, 162, 2, 4, 0, 0, 0.27%, 0, 4, 2, 12.08
1529089048, 162, 3, 4, 0, 0, 0.27%, 0, 4, 2, 67.08
1529089216, 163, 0, 4, 0, 0, 0.27%, 0, 4, 2, 71.42
1529089389, 163, 1, 4, 0, 0, 0.27%, 0, 4, 2, 67.62
1529089541, 163, 2, 4, 0, 0, 0.27%, 0, 4, 2, 81.18
1529089602, 163, 3, 4, 0, 0, 0.27%, 0, 4, 2, 62.00
1529089764, 164, 0, 4, 0, 0, 0.27%, 0, 4, 2, 53.00
1529089953, 164, 1, 4, 0, 0, 0.27%, 0, 4, 2, 49.97
1529090115, 164, 2, 4, 0, 0, 0.27%, 0, 4, 2, 69.93
1529090171, 164, 3, 4, 0, 0, 0.27%, 0, 4, 2, 62.28
1529090354, 165, 0, 4, 0, 0, 0.27%, 0, 4, 2, 73.66
1529090526, 165, 1, 4, 0, 0, 0.27%, 0, 4, 2, 68.68
1529090719, 165, 2, 4, 0, 0, 0.27%, 0, 4, 2, 74.93
1529090770, 165, 3, 4, 0, 0, 0.27%, 0, 4, 2, 70.86
1529090943, 166, 0, 4, 0, 0, 0.27%, 0, 4, 2, 68.29
1529091106, 166, 1, 4, 0, 0, 0.27%, 0, 4, 2, 52.67
1529091284, 166, 2, 4, 0, 0, 0.27%, 0, 4, 2, 72.48
1529091340, 166, 3, 4, 0, 0, 0.27%, 0, 4, 2, 66.44
1529091513, 167, 0, 4, 0, 0, 0.27%, 0, 4, 2, 57.85
1529091696, 167, 1, 4, 0, 0, 0.27%, 0, 4, 2, 73.99
1529091838, 167, 2, 4, 0, 0, 0.27%, 0, 4, 2, 64.74
1529091889, 167, 3, 4, 0, 0, 0.27%, 0, 4, 2, 79.94
1529092072, 168, 0, 4, 0, 0, 0.27%, 0, 4, 2, 72.21
1529092234, 168, 1, 4, 0, 0, 0.27%, 0, 4, 2, 69.83
1529092382, 168, 2, 4, 0, 0, 0.27%, 0, 4, 2, 81.82
1529092433, 168, 3, 4, 0, 0, 0.27%, 0, 4, 2, 76.02
1529092601, 169, 0, 4, 0, 0, 0.27%, 0, 4, 2, 75.54
1529092763, 169, 1, 4, 0, 0, 0.27%, 0, 4, 2, 65.65
1529092915, 169, 2, 4, 0, 0, 0.27%, 0, 4, 2, 75.51
1529092966, 169, 3, 4, 0, 0, 0.27%, 0, 4, 2, 78.87
1529093117, 170, 0, 4, 0, 0, 0.27%, 0, 4, 2, 75.98
1529093311, 170, 1, 4, 0, 0, 0.27%, 0, 4, 2, 62.51
1529093479, 170, 2, 4, 0, 0, 0.27%, 0, 4, 2, 74.37
1529093535, 170, 3, 4, 0, 0, 0.27%, 0, 4, 2, 73.25
1529093678, 171, 0, 4, 0, 0, 0.27%, 0, 4, 2, 78.41
1529093841, 171, 1, 4, 0, 0, 0.27%, 0, 4, 2, 77.19
1529094014, 171, 2, 4, 0, 0, 0.27%, 0, 4, 2, 68.87
1529094065, 171, 3, 4, 0, 0, 0.27%, 0, 4, 2, 80.77
1529094207, 172, 0, 4, 0, 0, 0.27%, 0, 4, 2, 66.98
1529094395, 172, 1, 4, 0, 0, 0.27%, 0, 4, 2, 72.67
1529094572, 172, 2, 4, 0, 0, 0.27%, 0, 4, 2, 65.18
1529094628, 172, 3, 4, 0, 0, 0.27%, 0, 4, 2, 71.60
1529094796, 173, 0, 4, 0, 0, 0.27%, 0, 4, 2, 72.11
1529094974, 173, 1, 4, 0, 0, 0.27%, 0, 4, 2, 68.23
1529095147, 173, 2, 4, 0, 0, 0.27%, 0, 4, 2, 68.85
1529095197, 173, 3, 4, 0, 0, 0.27%, 0, 4, 2, 79.56
1529095355, 174, 0, 4, 0, 0, 0.27%, 0, 4, 2, 69.75
1529095528, 174, 1, 4, 0, 0, 0.27%, 0, 4, 2, 74.85
1529095730, 174, 2, 4, 0, 0, 0.27%, 0, 4, 2, 69.56
1529095781, 174, 3, 4, 0, 0, 0.27%, 0, 4, 2, 69.84
1529095968, 175, 0, 4, 0, 0, 0.27%, 0, 4, 2, 78.72
1529096152, 175, 1, 4, 0, 0, 0.27%, 0, 4, 2, 71.80
1529096314, 175, 2, 4, 0, 0, 0.27%, 0, 4, 2, 73.09
1529096370, 175, 3, 4, 0, 0, 0.27%, 0, 4, 2, 66.53
1529096542, 176, 0, 4, 0, 0, 0.27%, 0, 4, 2, 66.02
1529096710, 176, 1, 4, 0, 0, 0.27%, 0, 4, 2, 74.07
1529096889, 176, 2, 4, 0, 0, 0.27%, 0, 4, 2, 67.23
1529096940, 176, 3, 4, 0, 0, 0.27%, 0, 4, 2, 68.91
1529097097, 177, 0, 4, 0, 0, 0.27%, 0, 4, 2, 75.77
1529097270, 177, 1, 4, 0, 0, 0.27%, 0, 4, 2, 68.87
1529097438, 177, 2, 4, 0, 0, 0.27%, 0, 4, 2, 69.54
1529097493, 177, 3, 4, 0, 0, 0.27%, 0, 4, 2, 65.60
1529097641, 178, 0, 4, 0, 0, 0.27%, 0, 4, 2, 70.84
1529097820, 178, 1, 4, 0, 0, 0.27%, 0, 4, 2, 60.70
1529098013, 178, 2, 4, 0, 0, 0.27%, 0, 4, 2, 71.66
1529098069, 178, 3, 4, 0, 0, 0.27%, 0, 4, 2, 69.51
1529098241, 179, 0, 4, 0, 0, 0.27%, 0, 4, 2, 62.97
1529098399, 179, 1, 4, 0, 0, 0.27%, 0, 4, 2, 64.01
1529098567, 179, 2, 4, 0, 0, 0.27%, 0, 4, 2, 75.40
1529098618, 179, 3, 4, 0, 0, 0.27%, 0, 4, 2, 70.42
1529098790, 180, 0, 4, 0, 0, 0.27%, 0, 4, 2, 73.82
1529098958, 180, 1, 4, 0, 0, 0.27%, 0, 4, 2, 69.10
1529099126, 180, 2, 4, 0, 0, 0.27%, 0, 4, 2, 71.91
1529099171, 180, 3, 4, 0, 0, 0.27%, 0, 4, 2, 68.95
1529099330, 181, 0, 4, 0, 0, 0.27%, 0, 4, 2, 69.64
1529099466, 181, 1, 4, 0, 0, 0.27%, 0, 4, 2, 81.38
1529099609, 181, 2, 4, 0, 0, 0.27%, 0, 4, 2, 79.38
1529099659, 181, 3, 4, 0, 0, 0.27%, 0, 4, 2, 74.19
1529099826, 182, 0, 4, 0, 0, 0.27%, 0, 4, 2, 67.87
1529099988, 182, 1, 4, 0, 0, 0.27%, 0, 4, 2, 67.69
1529100136, 182, 2, 4, 0, 0, 0.27%, 0, 4, 2, 71.34
1529100187, 182, 3, 4, 0, 0, 0.27%, 0, 4, 2, 72.15
1529100366, 183, 0, 4, 0, 0, 0.27%, 0, 4, 2, 69.18
1529100508, 183, 1, 4, 0, 0, 0.27%, 0, 4, 2, 80.52
1529100691, 183, 2, 4, 0, 0, 0.27%, 0, 4, 2, 72.71
1529100747, 183, 3, 4, 0, 0, 0.27%, 0, 4, 2, 75.54
1529100919, 184, 0, 4, 0, 0, 0.27%, 0, 4, 2, 72.01
1529101097, 184, 1, 4, 0, 0, 0.27%, 0, 4, 2, 70.18
1529101250, 184, 2, 4, 0, 0, 0.27%, 0, 4, 2, 71.26
1529101300, 184, 3, 4, 0, 0, 0.27%, 0, 4, 2, 80.48
1529101448, 185, 0, 4, 0, 0, 0.27%, 0, 4, 2, 72.04
1529101652, 185, 1, 4, 0, 0, 0.27%, 0, 4, 2, 70.51
1529101789, 185, 2, 4, 0, 0, 0.27%, 0, 4, 2, 67.82
1529101845, 185, 3, 4, 0, 0, 0.27%, 0, 4, 2, 79.59
1529101992, 186, 0, 4, 0, 0, 0.27%, 0, 4, 2, 64.21
1529102180, 186, 1, 4, 0, 0, 0.27%, 0, 4, 2, 65.85
1529102342, 186, 2, 4, 0, 0, 0.27%, 0, 4, 2, 70.65
1529102393, 186, 3, 4, 0, 0, 0.27%, 0, 4, 2, 70.38
1529102556, 187, 0, 4, 0, 0, 0.27%, 0, 4, 2, 77.48
1529102704, 187, 1, 4, 0, 0, 0.27%, 0, 4, 2, 68.03
1529102881, 187, 2, 4, 0, 0, 0.27%, 0, 4, 2, 81.71
1529102937, 187, 3, 4, 0, 0, 0.27%, 0, 4, 2, 72.05
1529103119, 188, 0, 4, 0, 0, 0.27%, 0, 4, 2, 75.03
1529103313, 188, 1, 4, 0, 0, 0.27%, 0, 4, 2, 69.59
1529103460, 188, 2, 4, 0, 0, 0.27%, 0, 4, 2, 78.92
1529103516, 188, 3, 4, 0, 0, 0.27%, 0, 4, 2, 67.54
1529103638, 189, 0, 4, 0, 0, 0.27%, 0, 4, 2, 80.53
1529103826, 189, 1, 4, 0, 0, 0.27%, 0, 4, 2, 70.26
1529103973, 189, 2, 4, 0, 0, 0.27%, 0, 4, 2, 75.10
1529104029, 189, 3, 4, 0, 0, 0.27%, 0, 4, 2, 73.88
1529104223, 190, 0, 4, 0, 0, 0.27%, 0, 4, 2, 72.72
1529104395, 190, 1, 4, 0, 0, 0.27%, 0, 4, 2, 69.64
1529104532, 190, 2, 4, 0, 0, 0.27%, 0, 4, 2, 75.99
1529104583, 190, 3, 4, 0, 0, 0.27%, 0, 4, 2, 71.83
1529104741, 191, 0, 4, 0, 0, 0.27%, 0, 4, 2, 77.77
1529104909, 191, 1, 4, 0, 0, 0.27%, 0, 4, 2, 70.89
1529105081, 191, 2, 4, 0, 0, 0.27%, 0, 4, 2, 69.16
1529105133, 191, 3, 4, 0, 0, 0.27%, 0, 4, 2, 69.00
1529105290, 192, 0, 4, 0, 0, 0.27%, 0, 4, 2, 67.50
1529105437, 192, 1, 4, 0, 0, 0.27%, 0, 4, 2, 66.13
1529105624, 192, 2, 4, 0, 0, 0.27%, 0, 4, 2, 70.85
1529105676, 192, 3, 4, 0, 0, 0.27%, 0, 4, 2, 74.51
1529105848, 193, 0, 4, 0, 0, 0.27%, 0, 4, 2, 72.26
1529105975, 193, 1, 4, 0, 0, 0.27%, 0, 4, 2, 71.97
1529106147, 193, 2, 4, 0, 0, 0.27%, 0, 4, 2, 69.98
1529106203, 193, 3, 4, 0, 0, 0.27%, 0, 4, 2, 73.85
1529106359, 194, 0, 4, 0, 0, 0.27%, 0, 4, 2, 86.84
1529106507, 194, 1, 4, 0, 0, 0.27%, 0, 4, 2, 70.10
1529106654, 194, 2, 4, 0, 0, 0.27%, 0, 4, 2, 71.37
1529106710, 194, 3, 4, 0, 0, 0.27%, 0, 4, 2, 69.63
1529106878, 195, 0, 4, 0, 0, 0.27%, 0, 4, 2, 72.39
1529107030, 195, 1, 4, 0, 0, 0.27%, 0, 4, 2, 73.04
1529107157, 195, 2, 4, 0, 0, 0.27%, 0, 4, 2, 72.06
1529107213, 195, 3, 4, 0, 0, 0.27%, 0, 4, 2, 68.22
1529107349, 196, 0, 4, 0, 0, 0.27%, 0, 4, 2, 70.37
1529107511, 196, 1, 4, 0, 0, 0.27%, 0, 4, 2, 66.93
1529107690, 196, 2, 4, 0, 0, 0.27%, 0, 4, 2, 74.65
1529107735, 196, 3, 4, 0, 0, 0.27%, 0, 4, 2, 86.41
1529107883, 197, 0, 4, 0, 0, 0.27%, 0, 4, 2, 74.97
1529108051, 197, 1, 4, 0, 0, 0.27%, 0, 4, 2, 73.99
1529108199, 197, 2, 4, 0, 0, 0.27%, 0, 4, 2, 73.15
1529108250, 197, 3, 4, 0, 0, 0.27%, 0, 4, 2, 76.76
1529108397, 198, 0, 4, 0, 0, 0.27%, 0, 4, 2, 78.49
1529108544, 198, 1, 4, 0, 0, 0.27%, 0, 4, 2, 80.97
1529108696, 198, 2, 4, 0, 0, 0.27%, 0, 4, 2, 75.14
1529108747, 198, 3, 4, 0, 0, 0.27%, 0, 4, 2, 80.90
1529108895, 199, 0, 4, 0, 0, 0.27%, 0, 4, 2, 88.32
1529109016, 199, 1, 4, 0, 0, 0.27%, 0, 4, 2, 78.46
1529109179, 199, 2, 4, 0, 0, 0.27%, 0, 4, 2, 84.45
1529109225, 199, 3, 4, 0, 0, 0.27%, 0, 4, 2, 84.69
1529109373, 200, 0, 4, 0, 0, 0.27%, 0, 4, 2, 78.88
1529109530, 200, 1, 4, 0, 0, 0.27%, 0, 4, 2, 72.65
1529109694, 200, 2, 4, 0, 0, 0.27%, 0, 4, 2, 73.19
1529109745, 200, 3, 4, 0, 0, 0.27%, 0, 4, 2, 73.53
1529109903, 201, 0, 4, 0, 0, 0.27%, 0, 4, 2, 77.05
1529110060, 201, 1, 4, 0, 0, 0.27%, 0, 4, 2, 76.31
1529110222, 201, 2, 4, 0, 0, 0.27%, 0, 4, 2, 29.65
1529110268, 201, 3, 4, 0, 0, 0.27%, 0, 4, 2, 77.09
1529110421, 202, 0, 4, 0, 0, 0.27%, 0, 4, 2, 79.87
1529110572, 202, 1, 4, 0, 0, 0.27%, 0, 4, 2, 85.78
1529110740, 202, 2, 4, 0, 0, 0.27%, 0, 4, 2, 84.00
1529110790, 202, 3, 4, 0, 0, 0.27%, 0, 4, 2, 73.38
1529110928, 203, 0, 4, 0, 0, 0.27%, 0, 4, 2, 71.81
1529111100, 203, 1, 4, 0, 0, 0.27%, 0, 4, 2, 91.69
1529111278, 203, 2, 4, 0, 0, 0.27%, 0, 4, 2, 81.04
1529111324, 203, 3, 4, 0, 0, 0.27%, 0, 4, 2, 81.26
1529111480, 204, 0, 4, 0, 0, 0.27%, 0, 4, 2, 76.32
1529111639, 204, 1, 4, 0, 0, 0.27%, 0, 4, 2, 75.33
1529111775, 204, 2, 4, 0, 0, 0.27%, 0, 4, 2, 72.56
1529111826, 204, 3, 4, 0, 0, 0.27%, 0, 4, 2, 79.68
1529111978, 205, 0, 4, 0, 0, 0.27%, 0, 4, 2, 78.74
1529112157, 205, 1, 4, 0, 0, 0.27%, 0, 4, 2, 74.50
1529112294, 205, 2, 4, 0, 0, 0.27%, 0, 4, 2, 75.24
1529112345, 205, 3, 4, 0, 0, 0.27%, 0, 4, 2, 76.91
1529112503, 206, 0, 4, 0, 0, 0.27%, 0, 4, 2, 78.20
1529112650, 206, 1, 4, 0, 0, 0.27%, 0, 4, 2, 72.36
1529112782, 206, 2, 4, 0, 0, 0.27%, 0, 4, 2, 74.14
1529112834, 206, 3, 4, 0, 0, 0.27%, 0, 4, 2, 85.01
1529112961, 207, 0, 4, 0, 0, 0.27%, 0, 4, 2, 76.48
1529113103, 207, 1, 4, 0, 0, 0.27%, 0, 4, 2, 76.08
1529113240, 207, 2, 4, 0, 0, 0.27%, 0, 4, 2, 78.72
1529113291, 207, 3, 4, 0, 0, 0.27%, 0, 4, 2, 79.02
1529113459, 208, 0, 4, 0, 0, 0.27%, 0, 4, 2, 77.31
1529113601, 208, 1, 4, 0, 0, 0.27%, 0, 4, 2, 80.86
1529113764, 208, 2, 4, 0, 0, 0.27%, 0, 4, 2, 77.15
1529113815, 208, 3, 4, 0, 0, 0.27%, 0, 4, 2, 83.69
1529114871, 209, 0, 4, 0, 0, 0.27%, 0, 4, 2, 76.05
1529115004, 209, 1, 4, 0, 0, 0.27%, 0, 4, 2, 78.97
1529115151, 209, 2, 4, 0, 0, 0.27%, 0, 4, 2, 80.51
1529115201, 209, 3, 4, 0, 0, 0.27%, 0, 4, 2, 78.20
1529115354, 210, 0, 4, 0, 0, 0.27%, 0, 4, 2, 76.91
1529115506, 210, 1, 4, 0, 0, 0.27%, 0, 4, 2, 73.53
1529115669, 210, 2, 4, 0, 0, 0.27%, 0, 4, 2, 72.55
1529115714, 210, 3, 4, 0, 0, 0.27%, 0, 4, 2, 77.29
1529115862, 211, 0, 4, 0, 0, 0.27%, 0, 4, 2, 75.93
1529116003, 211, 1, 4, 0, 0, 0.27%, 0, 4, 2, 74.39
1529116155, 211, 2, 4, 0, 0, 0.27%, 0, 4, 2, 77.19
1529116206, 211, 3, 4, 0, 0, 0.27%, 0, 4, 2, 79.41
1529116374, 212, 0, 4, 0, 0, 0.27%, 0, 4, 2, 78.49
1529116532, 212, 1, 4, 0, 0, 0.27%, 0, 4, 2, 76.64
1529116693, 212, 2, 4, 0, 0, 0.27%, 0, 4, 2, 83.16
1529116739, 212, 3, 4, 0, 0, 0.27%, 0, 4, 2, 79.68
1529116896, 213, 0, 4, 0, 0, 0.27%, 0, 4, 2, 79.72
1529117054, 213, 1, 4, 0, 0, 0.27%, 0, 4, 2, 73.08
1529117192, 213, 2, 4, 0, 0, 0.27%, 0, 4, 2, 84.51
1529117237, 213, 3, 4, 0, 0, 0.27%, 0, 4, 2, 87.05
1529117390, 214, 0, 4, 0, 0, 0.27%, 0, 4, 2, 79.40
1529117558, 214, 1, 4, 0, 0, 0.27%, 0, 4, 2, 77.02
1529117700, 214, 2, 4, 0, 0, 0.27%, 0, 4, 2, 85.02
1529117746, 214, 3, 4, 0, 0, 0.27%, 0, 4, 2, 80.46
1529117913, 215, 0, 4, 0, 0, 0.27%, 0, 4, 2, 82.74
1529118055, 215, 1, 4, 0, 0, 0.27%, 0, 4, 2, 83.46
1529118217, 215, 2, 4, 0, 0, 0.27%, 0, 4, 2, 84.53
1529118258, 215, 3, 4, 0, 0, 0.27%, 0, 4, 2, 74.65
1529118425, 216, 0, 4, 0, 0, 0.27%, 0, 4, 2, 81.15
1529118573, 216, 1, 4, 0, 0, 0.27%, 0, 4, 2, 79.21
1529118690, 216, 2, 4, 0, 0, 0.27%, 0, 4, 2, 79.85
1529118740, 216, 3, 4, 0, 0, 0.27%, 0, 4, 2, 75.05
1529118878, 217, 0, 4, 0, 0, 0.27%, 0, 4, 2, 78.04
1529119010, 217, 1, 4, 0, 0, 0.27%, 0, 4, 2, 85.38
1529119173, 217, 2, 4, 0, 0, 0.27%, 0, 4, 2, 77.36
1529119218, 217, 3, 4, 0, 0, 0.27%, 0, 4, 2, 80.24
1529119376, 218, 0, 4, 0, 0, 0.27%, 0, 4, 2, 72.09
1529119513, 218, 1, 4, 0, 0, 0.27%, 0, 4, 2, 78.14
1529119706, 218, 2, 4, 0, 0, 0.27%, 0, 4, 2, 80.36
1529119756, 218, 3, 4, 0, 0, 0.27%, 0, 4, 2, 83.49
1529119909, 219, 0, 4, 0, 0, 0.27%, 0, 4, 2, 82.10
1529120066, 219, 1, 4, 0, 0, 0.27%, 0, 4, 2, 76.11
1529120224, 219, 2, 4, 0, 0, 0.27%, 0, 4, 2, 80.84
1529120275, 219, 3, 4, 0, 0, 0.27%, 0, 4, 2, 79.84
1529120437, 220, 0, 4, 0, 0, 0.27%, 0, 4, 2, 79.31
1529120584, 220, 1, 4, 0, 0, 0.27%, 0, 4, 2, 75.61
1529120747, 220, 2, 4, 0, 0, 0.27%, 0, 4, 2, 62.69
1529120793, 220, 3, 4, 0, 0, 0.27%, 0, 4, 2, 75.92
1529120940, 221, 0, 4, 0, 0, 0.27%, 0, 4, 2, 74.90
1529121097, 221, 1, 4, 0, 0, 0.27%, 0, 4, 2, 76.21
1529121255, 221, 2, 4, 0, 0, 0.27%, 0, 4, 2, 75.12
1529121306, 221, 3, 4, 0, 0, 0.27%, 0, 4, 2, 80.51
1529121443, 222, 0, 4, 0, 0, 0.27%, 0, 4, 2, 84.65
1529121601, 222, 1, 4, 0, 0, 0.27%, 0, 4, 2, 85.16
1529121748, 222, 2, 4, 0, 0, 0.27%, 0, 4, 2, 84.99
1529121798, 222, 3, 4, 0, 0, 0.27%, 0, 4, 2, 83.26
1529121966, 223, 0, 4, 0, 0, 0.27%, 0, 4, 2, 80.01
1529122103, 223, 1, 4, 0, 0, 0.27%, 0, 4, 2, 79.12
1529122245, 223, 2, 4, 0, 0, 0.27%, 0, 4, 2, 75.46
1529122291, 223, 3, 4, 0, 0, 0.27%, 0, 4, 2, 76.44
1529122432, 224, 0, 4, 0, 0, 0.27%, 0, 4, 2, 87.01
1529122569, 224, 1, 4, 0, 0, 0.27%, 0, 4, 2, 73.61
1529122737, 224, 2, 4, 0, 0, 0.27%, 0, 4, 2, 74.95
1529122787, 224, 3, 4, 0, 0, 0.27%, 0, 4, 2, 77.13
1529122926, 225, 0, 4, 0, 0, 0.27%, 0, 4, 2, 75.15
1529123073, 225, 1, 4, 0, 0, 0.27%, 0, 4, 2, 74.16
1529123245, 225, 2, 4, 0, 0, 0.27%, 0, 4, 2, 74.34
1529123296, 225, 3, 4, 0, 0, 0.27%, 0, 4, 2, 69.77
1529123413, 226, 0, 4, 0, 0, 0.27%, 0, 4, 2, 74.43
1529123565, 226, 1, 4, 0, 0, 0.27%, 0, 4, 2, 82.87
1529123738, 226, 2, 4, 0, 0, 0.27%, 0, 4, 2, 74.90
1529123783, 226, 3, 4, 0, 0, 0.27%, 0, 4, 2, 74.00
1529123936, 227, 0, 4, 0, 0, 0.27%, 0, 4, 2, 77.49
1529124063, 227, 1, 4, 0, 0, 0.27%, 0, 4, 2, 78.93
1529124231, 227, 2, 4, 0, 0, 0.27%, 0, 4, 2, 83.64
1529124276, 227, 3, 4, 0, 0, 0.27%, 0, 4, 2, 80.58
1529124434, 228, 0, 4, 0, 0, 0.27%, 0, 4, 2, 74.72
1529124597, 228, 1, 4, 0, 0, 0.27%, 0, 4, 2, 77.29
1529124760, 228, 2, 4, 0, 0, 0.27%, 0, 4, 2, 75.38
1529124806, 228, 3, 4, 0, 0, 0.27%, 0, 4, 2, 87.97
1529124948, 229, 0, 4, 0, 0, 0.27%, 0, 4, 2, 83.77
1529125111, 229, 1, 4, 0, 0, 0.27%, 0, 4, 2, 71.05
1529125263, 229, 2, 4, 0, 0, 0.27%, 0, 4, 2, 85.33
1529125309, 229, 3, 4, 0, 0, 0.27%, 0, 4, 2, 77.14
1529125452, 230, 0, 4, 0, 0, 0.27%, 0, 4, 2, 74.20
1529125599, 230, 1, 4, 0, 0, 0.27%, 0, 4, 2, 78.67
1529125752, 230, 2, 4, 0, 0, 0.27%, 0, 4, 2, 75.70
1529125803, 230, 3, 4, 0, 0, 0.27%, 0, 4, 2, 76.06
1529125960, 231, 0, 4, 0, 0, 0.27%, 0, 4, 2, 86.15
1529126122, 231, 1, 4, 0, 0, 0.27%, 0, 4, 2, 74.29
1529126285, 231, 2, 4, 0, 0, 0.27%, 0, 4, 2, 80.69
1529126330, 231, 3, 4, 0, 0, 0.27%, 0, 4, 2, 82.11
1529126467, 232, 0, 4, 0, 0, 0.27%, 0, 4, 2, 78.14
1529126605, 232, 1, 4, 0, 0, 0.27%, 0, 4, 2, 80.00
1529126737, 232, 2, 4, 0, 0, 0.27%, 0, 4, 2, 87.32
1529126782, 232, 3, 4, 0, 0, 0.27%, 0, 4, 2, 78.53
1529126925, 233, 0, 4, 0, 0, 0.27%, 0, 4, 2, 79.67
1529127078, 233, 1, 4, 0, 0, 0.27%, 0, 4, 2, 73.62
1529127215, 233, 2, 4, 0, 0, 0.27%, 0, 4, 2, 79.29
1529127260, 233, 3, 4, 0, 0, 0.27%, 0, 4, 2, 78.82
1529127399, 234, 0, 4, 0, 0, 0.27%, 0, 4, 2, 77.64
1529127561, 234, 1, 4, 0, 0, 0.27%, 0, 4, 2, 79.96
1529127714, 234, 2, 4, 0, 0, 0.27%, 0, 4, 2, 79.71
1529127759, 234, 3, 4, 0, 0, 0.27%, 0, 4, 2, 83.52
1529127921, 235, 0, 4, 0, 0, 0.27%, 0, 4, 2, 84.67
1529128064, 235, 1, 4, 0, 0, 0.27%, 0, 4, 2, 72.93
1529128231, 235, 2, 4, 0, 0, 0.27%, 0, 4, 2, 76.18
1529128276, 235, 3, 4, 0, 0, 0.27%, 0, 4, 2, 77.36
1529128450, 236, 0, 4, 0, 0, 0.27%, 0, 4, 2, 80.42
1529128592, 236, 1, 4, 0, 0, 0.27%, 0, 4, 2, 76.38
1529128739, 236, 2, 4, 0, 0, 0.27%, 0, 4, 2, 77.95
1529128790, 236, 3, 4, 0, 0, 0.27%, 0, 4, 2, 79.88
1529128953, 237, 0, 4, 0, 0, 0.27%, 0, 4, 2, 76.30
1529129096, 237, 1, 4, 0, 0, 0.27%, 0, 4, 2, 88.14
1529129223, 237, 2, 4, 0, 0, 0.27%, 0, 4, 2, 78.28
1529129273, 237, 3, 4, 0, 0, 0.27%, 0, 4, 2, 89.83
1529129431, 238, 0, 4, 0, 0, 0.27%, 0, 4, 2, 80.47
1529129558, 238, 1, 4, 0, 0, 0.27%, 0, 4, 2, 77.97
1529129710, 238, 2, 4, 0, 0, 0.27%, 0, 4, 2, 79.83
1529129762, 238, 3, 4, 0, 0, 0.27%, 0, 4, 2, 75.28
1529129915, 239, 0, 4, 0, 0, 0.27%, 0, 4, 2, 77.74
1529130047, 239, 1, 4, 0, 0, 0.27%, 0, 4, 2, 71.67
1529130215, 239, 2, 4, 0, 0, 0.27%, 0, 4, 2, 80.24
1529130265, 239, 3, 4, 0, 0, 0.27%, 0, 4, 2, 77.11
1529130419, 240, 0, 4, 0, 0, 0.27%, 0, 4, 2, 75.75
1529130566, 240, 1, 4, 0, 0, 0.27%, 0, 4, 2, 74.03
1529130724, 240, 2, 4, 0, 0, 0.27%, 0, 4, 2, 82.05
1529130770, 240, 3, 4, 0, 0, 0.27%, 0, 4, 2, 75.53
1529130927, 241, 0, 4, 0, 0, 0.27%, 0, 4, 2, 84.40
1529131063, 241, 1, 4, 0, 0, 0.27%, 0, 4, 2, 83.18
1529131206, 241, 2, 4, 0, 0, 0.27%, 0, 4, 2, 82.78
1529131258, 241, 3, 4, 0, 0, 0.27%, 0, 4, 2, 77.22
1529131405, 242, 0, 4, 0, 0, 0.27%, 0, 4, 2, 73.14
1529131547, 242, 1, 4, 0, 0, 0.27%, 0, 4, 2, 82.02
1529131695, 242, 2, 4, 0, 0, 0.27%, 0, 4, 2, 76.58
1529131746, 242, 3, 4, 0, 0, 0.27%, 0, 4, 2, 77.74
1529131903, 243, 0, 4, 0, 0, 0.27%, 0, 4, 2, 75.19
1529132076, 243, 1, 4, 0, 0, 0.27%, 0, 4, 2, 93.24
1529132233, 243, 2, 4, 0, 0, 0.27%, 0, 4, 2, 75.01
1529132284, 243, 3, 4, 0, 0, 0.27%, 0, 4, 2, 70.85
1529132441, 244, 0, 4, 0, 0, 0.27%, 0, 4, 2, 81.23
1529132619, 244, 1, 4, 0, 0, 0.27%, 0, 4, 2, 76.51
1529132786, 244, 2, 4, 0, 0, 0.27%, 0, 4, 2, 70.50
1529132837, 244, 3, 4, 0, 0, 0.27%, 0, 4, 2, 79.80
1529132989, 245, 0, 4, 0, 0, 0.27%, 0, 4, 2, 85.04
1529133167, 245, 1, 4, 0, 0, 0.27%, 0, 4, 2, 82.15
1529133330, 245, 2, 4, 0, 0, 0.27%, 0, 4, 2, 75.87
1529133376, 245, 3, 4, 0, 0, 0.27%, 0, 4, 2, 75.84
1529133519, 246, 0, 4, 0, 0, 0.27%, 0, 4, 2, 81.11
1529133666, 246, 1, 4, 0, 0, 0.27%, 0, 4, 2, 75.53
1529133828, 246, 2, 4, 0, 0, 0.27%, 0, 4, 2, 77.78
1529133879, 246, 3, 4, 0, 0, 0.27%, 0, 4, 2, 77.44
1529134031, 247, 0, 4, 0, 0, 0.27%, 0, 4, 2, 79.84
1529134173, 247, 1, 4, 0, 0, 0.27%, 0, 4, 2, 79.33
1529134321, 247, 2, 4, 0, 0, 0.27%, 0, 4, 2, 73.41
1529134367, 247, 3, 4, 0, 0, 0.27%, 0, 4, 2, 76.97
1529134519, 248, 0, 4, 0, 0, 0.27%, 0, 4, 2, 77.77
1529134666, 248, 1, 4, 0, 0, 0.27%, 0, 4, 2, 82.07
1529134809, 248, 2, 4, 0, 0, 0.27%, 0, 4, 2, 83.92
1529134859, 248, 3, 4, 0, 0, 0.27%, 0, 4, 2, 83.74
1529135001, 249, 0, 4, 0, 0, 0.27%, 0, 4, 2, 75.89
1529135154, 249, 1, 4, 0, 0, 0.27%, 0, 4, 2, 74.19
1529135306, 249, 2, 4, 0, 0, 0.27%, 0, 4, 2, 75.18
1529135357, 249, 3, 4, 0, 0, 0.27%, 0, 4, 2, 74.15
1529135504, 250, 0, 4, 0, 0, 0.27%, 0, 4, 2, 77.28
1529135657, 250, 1, 4, 0, 0, 0.27%, 0, 4, 2, 72.07
1529135794, 250, 2, 4, 0, 0, 0.27%, 0, 4, 2, 79.40
1529135845, 250, 3, 4, 0, 0, 0.27%, 0, 4, 2, 78.34
1529135976, 251, 0, 4, 0, 0, 0.27%, 0, 4, 2, 88.26
1529136129, 251, 1, 4, 0, 0, 0.27%, 0, 4, 2, 75.43
1529136281, 251, 2, 4, 0, 0, 0.27%, 0, 4, 2, 75.90
1529136327, 251, 3, 4, 0, 0, 0.27%, 0, 4, 2, 73.50
1529136480, 252, 0, 4, 0, 0, 0.27%, 0, 4, 2, 75.40
1529136632, 252, 1, 4, 0, 0, 0.27%, 0, 4, 2, 90.52
1529136775, 252, 2, 4, 0, 0, 0.27%, 0, 4, 2, 80.15
1529136826, 252, 3, 4, 0, 0, 0.27%, 0, 4, 2, 75.06
1529136988, 253, 0, 4, 0, 0, 0.27%, 0, 4, 2, 74.86
1529137150, 253, 1, 4, 0, 0, 0.27%, 0, 4, 2, 84.39
1529137292, 253, 2, 4, 0, 0, 0.27%, 0, 4, 2, 81.95
1529137338, 253, 3, 4, 0, 0, 0.27%, 0, 4, 2, 59.51
1529137470, 254, 0, 4, 0, 0, 0.27%, 0, 4, 2, 80.69
1529137633, 254, 1, 4, 0, 0, 0.27%, 0, 4, 2, 82.78
1529137800, 254, 2, 4, 0, 0, 0.27%, 0, 4, 2, 83.34
1529137851, 254, 3, 4, 0, 0, 0.27%, 0, 4, 2, 73.83
1529138028, 255, 0, 4, 0, 0, 0.27%, 0, 4, 2, 76.47
1529138200, 255, 1, 4, 0, 0, 0.27%, 0, 4, 2, 75.59
1529138353, 255, 2, 4, 0, 0, 0.27%, 0, 4, 2, 79.92
1529138399, 255, 3, 4, 0, 0, 0.27%, 0, 4, 2, 75.11
1529138567, 256, 0, 4, 0, 0, 0.27%, 0, 4, 2, 75.03
1529138715, 256, 1, 4, 0, 0, 0.27%, 0, 4, 2, 75.15
1529138877, 256, 2, 4, 0, 0, 0.27%, 0, 4, 2, 75.36
1529138928, 256, 3, 4, 0, 0, 0.27%, 0, 4, 2, 68.96
1529139085, 257, 0, 4, 0, 0, 0.27%, 0, 4, 2, 76.24
1529139232, 257, 1, 4, 0, 0, 0.27%, 0, 4, 2, 74.82
1529139389, 257, 2, 4, 0, 0, 0.27%, 0, 4, 2, 81.12
1529139435, 257, 3, 4, 0, 0, 0.27%, 0, 4, 2, 78.44
1529139578, 258, 0, 4, 0, 0, 0.27%, 0, 4, 2, 81.49
1529139720, 258, 1, 4, 0, 0, 0.27%, 0, 4, 2, 77.82
1529139879, 258, 2, 4, 0, 0, 0.27%, 0, 4, 2, 76.11
1529139929, 258, 3, 4, 0, 0, 0.27%, 0, 4, 2, 79.46
1529140056, 259, 0, 4, 0, 0, 0.27%, 0, 4, 2, 76.31
1529140188, 259, 1, 4, 0, 0, 0.27%, 0, 4, 2, 76.40
1529140335, 259, 2, 4, 0, 0, 0.27%, 0, 4, 2, 75.10
1529140381, 259, 3, 4, 0, 0, 0.27%, 0, 4, 2, 76.76
1529140559, 260, 0, 4, 0, 0, 0.27%, 0, 4, 2, 79.08
1529140716, 260, 1, 4, 0, 0, 0.27%, 0, 4, 2, 77.18
1529140848, 260, 2, 4, 0, 0, 0.27%, 0, 4, 2, 74.80
1529140894, 260, 3, 4, 0, 0, 0.27%, 0, 4, 2, 79.10
1529141056, 261, 0, 4, 0, 0, 0.27%, 0, 4, 2, 85.33
1529141219, 261, 1, 4, 0, 0, 0.27%, 0, 4, 2, 75.60
1529141362, 261, 2, 4, 0, 0, 0.27%, 0, 4, 2, 82.21
1529141413, 261, 3, 4, 0, 0, 0.27%, 0, 4, 2, 74.79
1529141571, 262, 0, 4, 0, 0, 0.27%, 0, 4, 2, 84.52
1529141724, 262, 1, 4, 0, 0, 0.27%, 0, 4, 2, 83.93
1529141887, 262, 2, 4, 0, 0, 0.27%, 0, 4, 2, 89.94
1529141938, 262, 3, 4, 0, 0, 0.27%, 0, 4, 2, 83.16
1529142095, 263, 0, 4, 0, 0, 0.27%, 0, 4, 2, 76.69
1529142253, 263, 1, 4, 0, 0, 0.27%, 0, 4, 2, 72.64
1529142401, 263, 2, 4, 0, 0, 0.27%, 0, 4, 2, 72.15
1529142451, 263, 3, 4, 0, 0, 0.27%, 0, 4, 2, 74.69
1529142594, 264, 0, 4, 0, 0, 0.27%, 0, 4, 2, 83.93
1529142762, 264, 1, 4, 0, 0, 0.27%, 0, 4, 2, 77.52
1529142914, 264, 2, 4, 0, 0, 0.27%, 0, 4, 2, 79.23
1529142959, 264, 3, 4, 0, 0, 0.27%, 0, 4, 2, 78.96
1529143107, 265, 0, 4, 0, 0, 0.27%, 0, 4, 2, 78.16
1529143234, 265, 1, 4, 0, 0, 0.27%, 0, 4, 2, 82.48
1529143387, 265, 2, 4, 0, 0, 0.27%, 0, 4, 2, 77.85
1529143437, 265, 3, 4, 0, 0, 0.27%, 0, 4, 2, 80.87
1529143570, 266, 0, 4, 0, 0, 0.27%, 0, 4, 2, 73.37
1529143727, 266, 1, 4, 0, 0, 0.27%, 0, 4, 2, 82.77
1529143885, 266, 2, 4, 0, 0, 0.27%, 0, 4, 2, 78.45
1529143931, 266, 3, 4, 0, 0, 0.27%, 0, 4, 2, 78.29
1529144073, 267, 0, 4, 0, 0, 0.27%, 0, 4, 2, 79.65
1529144235, 267, 1, 4, 0, 0, 0.27%, 0, 4, 2, 82.19
1529144382, 267, 2, 4, 0, 0, 0.27%, 0, 4, 2, 76.55
1529144428, 267, 3, 4, 0, 0, 0.27%, 0, 4, 2, 74.18
1529144555, 268, 0, 4, 0, 0, 0.27%, 0, 4, 2, 75.00
1529144697, 268, 1, 4, 0, 0, 0.27%, 0, 4, 2, 76.56
1529144845, 268, 2, 4, 0, 0, 0.27%, 0, 4, 2, 75.12
1529144891, 268, 3, 4, 0, 0, 0.27%, 0, 4, 2, 72.62
1529145053, 269, 0, 4, 0, 0, 0.27%, 0, 4, 2, 79.02
1529145220, 269, 1, 4, 0, 0, 0.27%, 0, 4, 2, 83.56
1529145388, 269, 2, 4, 0, 0, 0.27%, 0, 4, 2, 80.66
1529145438, 269, 3, 4, 0, 0, 0.27%, 0, 4, 2, 78.82
1529145586, 270, 0, 4, 0, 0, 0.27%, 0, 4, 2, 76.22
1529145733, 270, 1, 4, 0, 0, 0.27%, 0, 4, 2, 65.99
1529145916, 270, 2, 4, 0, 0, 0.27%, 0, 4, 2, 85.12
1529145966, 270, 3, 4, 0, 0, 0.27%, 0, 4, 2, 83.08
1529146108, 271, 0, 4, 0, 0, 0.27%, 0, 4, 2, 82.53
1529146250, 271, 1, 4, 0, 0, 0.27%, 0, 4, 2, 90.00
1529146382, 271, 2, 4, 0, 0, 0.27%, 0, 4, 2, 76.17
1529146433, 271, 3, 4, 0, 0, 0.27%, 0, 4, 2, 70.79
1529146570, 272, 0, 4, 0, 0, 0.27%, 0, 4, 2, 76.62
1529146707, 272, 1, 4, 0, 0, 0.27%, 0, 4, 2, 75.66
1529146859, 272, 2, 4, 0, 0, 0.27%, 0, 4, 2, 74.42
1529146910, 272, 3, 4, 0, 0, 0.27%, 0, 4, 2, 10.00
1529147037, 273, 0, 4, 0, 0, 0.27%, 0, 4, 2, 77.54
1529147195, 273, 1, 4, 0, 0, 0.27%, 0, 4, 2, 83.19
1529147357, 273, 2, 4, 0, 0, 0.27%, 0, 4, 2, 81.69
1529147403, 273, 3, 4, 0, 0, 0.27%, 0, 4, 2, 92.01
1529147535, 274, 0, 4, 0, 0, 0.27%, 0, 4, 2, 86.96
1529147687, 274, 1, 4, 0, 0, 0.27%, 0, 4, 2, 77.48
1529147839, 274, 2, 4, 0, 0, 0.27%, 0, 4, 2, 87.19
1529147885, 274, 3, 4, 0, 0, 0.27%, 0, 4, 2, 78.74
1529148012, 275, 0, 4, 0, 0, 0.27%, 0, 4, 2, 72.03
1529148149, 275, 1, 4, 0, 0, 0.27%, 0, 4, 2, 75.05
1529148260, 275, 2, 4, 0, 0, 0.27%, 0, 4, 2, 94.18
1529148306, 275, 3, 4, 0, 0, 0.27%, 0, 4, 2, 86.15
1529148443, 276, 0, 4, 0, 0, 0.27%, 0, 4, 2, 73.84
1529148606, 276, 1, 4, 0, 0, 0.27%, 0, 4, 2, 78.10
1529148747, 276, 2, 4, 0, 0, 0.27%, 0, 4, 2, 71.80
1529148798, 276, 3, 4, 0, 0, 0.27%, 0, 4, 2, 79.67
1529148955, 277, 0, 4, 0, 0, 0.27%, 0, 4, 2, 75.31
1529149128, 277, 1, 4, 0, 0, 0.27%, 0, 4, 2, 77.49
1529149301, 277, 2, 4, 0, 0, 0.27%, 0, 4, 2, 88.01
1529149352, 277, 3, 4, 0, 0, 0.27%, 0, 4, 2, 89.33
1529149519, 278, 0, 4, 0, 0, 0.27%, 0, 4, 2, 85.11
1529149657, 278, 1, 4, 0, 0, 0.27%, 0, 4, 2, 75.98
1529149774, 278, 2, 4, 0, 0, 0.27%, 0, 4, 2, 77.07
1529149819, 278, 3, 4, 0, 0, 0.27%, 0, 4, 2, 85.27
1529149971, 279, 0, 4, 0, 0, 0.27%, 0, 4, 2, 76.18
1529150103, 279, 1, 4, 0, 0, 0.27%, 0, 4, 2, 75.79
1529150240, 279, 2, 4, 0, 0, 0.27%, 0, 4, 2, 80.86
1529150281, 279, 3, 4, 0, 0, 0.27%, 0, 4, 2, 92.97
1529150459, 280, 0, 4, 0, 0, 0.27%, 0, 4, 2, 74.75
1529150617, 280, 1, 4, 0, 0, 0.27%, 0, 4, 2, 80.15
1529150769, 280, 2, 4, 0, 0, 0.27%, 0, 4, 2, 74.60
1529150815, 280, 3, 4, 0, 0, 0.27%, 0, 4, 2, 78.12
1529150987, 281, 0, 4, 0, 0, 0.27%, 0, 4, 2, 73.50
1529151119, 281, 1, 4, 0, 0, 0.27%, 0, 4, 2, 83.34
1529151256, 281, 2, 4, 0, 0, 0.27%, 0, 4, 2, 84.39
1529151301, 281, 3, 4, 0, 0, 0.27%, 0, 4, 2, 81.72
1529151448, 282, 0, 4, 0, 0, 0.27%, 0, 4, 2, 78.46
1529151585, 282, 1, 4, 0, 0, 0.27%, 0, 4, 2, 71.83
1529151748, 282, 2, 4, 0, 0, 0.27%, 0, 4, 2, 77.54
1529151798, 282, 3, 4, 0, 0, 0.27%, 0, 4, 2, 79.23
1529151966, 283, 0, 4, 0, 0, 0.27%, 0, 4, 2, 76.45
1529152135, 283, 1, 4, 0, 0, 0.27%, 0, 4, 2, 72.14
1529152302, 283, 2, 4, 0, 0, 0.27%, 0, 4, 2, 74.38
1529152348, 283, 3, 4, 0, 0, 0.27%, 0, 4, 2, 74.25
1529152490, 284, 0, 4, 0, 0, 0.27%, 0, 4, 2, 83.42
1529152643, 284, 1, 4, 0, 0, 0.27%, 0, 4, 2, 78.43
1529152795, 284, 2, 4, 0, 0, 0.27%, 0, 4, 2, 83.93
1529152845, 284, 3, 4, 0, 0, 0.27%, 0, 4, 2, 75.26
1529152972, 285, 0, 4, 0, 0, 0.27%, 0, 4, 2, 75.96
1529153114, 285, 1, 4, 0, 0, 0.27%, 0, 4, 2, 76.99
1529153236, 285, 2, 4, 0, 0, 0.27%, 0, 4, 2, 75.98
1529153286, 285, 3, 4, 0, 0, 0.27%, 0, 4, 2, 75.38
1529153429, 286, 0, 4, 0, 0, 0.27%, 0, 4, 2, 75.85
1529153596, 286, 1, 4, 0, 0, 0.27%, 0, 4, 2, 72.39
1529153733, 286, 2, 4, 0, 0, 0.27%, 0, 4, 2, 81.74
1529153784, 286, 3, 4, 0, 0, 0.27%, 0, 4, 2, 78.69
1529153946, 287, 0, 4, 0, 0, 0.27%, 0, 4, 2, 78.52
1529154099, 287, 1, 4, 0, 0, 0.27%, 0, 4, 2, 87.22
1529154266, 287, 2, 4, 0, 0, 0.27%, 0, 4, 2, 76.81
1529154312, 287, 3, 4, 0, 0, 0.27%, 0, 4, 2, 74.27
1529154434, 288, 0, 4, 0, 0, 0.27%, 0, 4, 2, 73.72
1529154582, 288, 1, 4, 0, 0, 0.27%, 0, 4, 2, 46.44
1529154729, 288, 2, 4, 0, 0, 0.27%, 0, 4, 2, 81.17
1529154775, 288, 3, 4, 0, 0, 0.27%, 0, 4, 2, 85.79
1529154927, 289, 0, 4, 0, 0, 0.27%, 0, 4, 2, 84.39
1529155079, 289, 1, 4, 0, 0, 0.27%, 0, 4, 2, 74.65
1529155216, 289, 2, 4, 0, 0, 0.27%, 0, 4, 2, 73.19
1529155267, 289, 3, 4, 0, 0, 0.27%, 0, 4, 2, 73.05
1529155404, 290, 0, 4, 0, 0, 0.27%, 0, 4, 2, 77.25
1529155551, 290, 1, 4, 0, 0, 0.27%, 0, 4, 2, 73.36
1529155683, 290, 2, 4, 0, 0, 0.27%, 0, 4, 2, 75.38
1529155735, 290, 3, 4, 0, 0, 0.27%, 0, 4, 2, 76.59
1529155867, 291, 0, 4, 0, 0, 0.27%, 0, 4, 2, 74.30
1529156019, 291, 1, 4, 0, 0, 0.27%, 0, 4, 2, 76.75
1529156157, 291, 2, 4, 0, 0, 0.27%, 0, 4, 2, 73.91
1529156203, 291, 3, 4, 0, 0, 0.27%, 0, 4, 2, 74.80
1529156370, 292, 0, 4, 0, 0, 0.27%, 0, 4, 2, 78.43
1529156522, 292, 1, 4, 0, 0, 0.27%, 0, 4, 2, 91.22
1529156686, 292, 2, 4, 0, 0, 0.27%, 0, 4, 2, 78.79
1529156736, 292, 3, 4, 0, 0, 0.27%, 0, 4, 2, 77.81
1529156889, 293, 0, 4, 0, 0, 0.27%, 0, 4, 2, 71.04
1529157041, 293, 1, 4, 0, 0, 0.27%, 0, 4, 2, 69.92
1529157189, 293, 2, 4, 0, 0, 0.27%, 0, 4, 2, 57.19
1529157240, 293, 3, 4, 0, 0, 0.27%, 0, 4, 2, 79.82
1529157376, 294, 0, 4, 0, 0, 0.27%, 0, 4, 2, 82.27
1529157509, 294, 1, 4, 0, 0, 0.27%, 0, 4, 2, 69.68
1529157656, 294, 2, 4, 0, 0, 0.27%, 0, 4, 2, 79.93
1529157707, 294, 3, 4, 0, 0, 0.27%, 0, 4, 2, 76.64
1529157864, 295, 0, 4, 0, 0, 0.27%, 0, 4, 2, 74.76
1529158047, 295, 1, 4, 0, 0, 0.27%, 0, 4, 2, 78.48
1529158200, 295, 2, 4, 0, 0, 0.27%, 0, 4, 2, 31.56
1529158246, 295, 3, 4, 0, 0, 0.27%, 0, 4, 2, 85.53
1529158398, 296, 0, 4, 0, 0, 0.27%, 0, 4, 2, 75.95
1529158535, 296, 1, 4, 0, 0, 0.27%, 0, 4, 2, 83.19
1529158688, 296, 2, 4, 0, 0, 0.27%, 0, 4, 2, 76.42
1529158734, 296, 3, 4, 0, 0, 0.27%, 0, 4, 2, 79.35
1529158866, 297, 0, 4, 0, 0, 0.27%, 0, 4, 2, 83.34
1529159013, 297, 1, 4, 0, 0, 0.27%, 0, 4, 2, 77.13
1529159170, 297, 2, 4, 0, 0, 0.27%, 0, 4, 2, 78.30
1529159221, 297, 3, 4, 0, 0, 0.27%, 0, 4, 2, 73.72
1529159374, 298, 0, 4, 0, 0, 0.27%, 0, 4, 2, 83.39
1529159536, 298, 1, 4, 0, 0, 0.27%, 0, 4, 2, 77.47
1529159659, 298, 2, 4, 0, 0, 0.27%, 0, 4, 2, 80.74
1529159709, 298, 3, 4, 0, 0, 0.27%, 0, 4, 2, 83.76
1529159841, 299, 0, 4, 0, 0, 0.27%, 0, 4, 2, 79.02
1529160010, 299, 1, 4, 0, 0, 0.27%, 0, 4, 2, 90.82
1529160147, 299, 2, 4, 0, 0, 0.27%, 0, 4, 2, 72.23
1529160193, 299, 3, 4, 0, 0, 0.27%, 0, 4, 2, 73.31
1529160360, 300, 0, 4, 0, 0, 0.27%, 0, 4, 2, 83.25
1529160497, 300, 1, 4, 0, 0, 0.27%, 0, 4, 2, 81.62
1529160655, 300, 2, 4, 0, 0, 0.27%, 0, 4, 2, 73.19
1529160701, 300, 3, 4, 0, 0, 0.27%, 0, 4, 2, 82.07
1529160867, 301, 0, 4, 0, 0, 0.27%, 0, 4, 2, 84.94
1529161015, 301, 1, 4, 0, 0, 0.27%, 0, 4, 2, 73.18
1529161177, 301, 2, 4, 0, 0, 0.27%, 0, 4, 2, 76.50
1529161229, 301, 3, 4, 0, 0, 0.27%, 0, 4, 2, 73.81
1529161397, 302, 0, 4, 0, 0, 0.27%, 0, 4, 2, 71.07
1529161550, 302, 1, 4, 0, 0, 0.27%, 0, 4, 2, 81.22
1529161712, 302, 2, 4, 0, 0, 0.27%, 0, 4, 2, 75.88
1529161758, 302, 3, 4, 0, 0, 0.27%, 0, 4, 2, 77.47
1529161905, 303, 0, 4, 0, 0, 0.27%, 0, 4, 2, 80.75
1529162017, 303, 1, 4, 0, 0, 0.27%, 0, 4, 2, 75.25
1529162159, 303, 2, 4, 0, 0, 0.27%, 0, 4, 2, 80.84
1529162204, 303, 3, 4, 0, 0, 0.27%, 0, 4, 2, 84.51
1529162362, 304, 0, 4, 0, 0, 0.27%, 0, 4, 2, 76.31
1529162530, 304, 1, 4, 0, 0, 0.27%, 0, 4, 2, 75.63
1529162663, 304, 2, 4, 0, 0, 0.27%, 0, 4, 2, 86.75
1529162709, 304, 3, 4, 0, 0, 0.27%, 0, 4, 2, 71.47
1529162851, 305, 0, 4, 0, 0, 0.27%, 0, 4, 2, 78.14
1529163009, 305, 1, 4, 0, 0, 0.27%, 0, 4, 2, 77.41
1529163171, 305, 2, 4, 0, 0, 0.27%, 0, 4, 2, 74.67
1529163223, 305, 3, 4, 0, 0, 0.27%, 0, 4, 2, 77.06
1529163370, 306, 0, 4, 0, 0, 0.27%, 0, 4, 2, 87.61
1529163518, 306, 1, 4, 0, 0, 0.27%, 0, 4, 2, 80.24
1529163654, 306, 2, 4, 0, 0, 0.27%, 0, 4, 2, 83.27
1529163700, 306, 3, 4, 0, 0, 0.27%, 0, 4, 2, 82.25
1529163853, 307, 0, 4, 0, 0, 0.27%, 0, 4, 2, 72.17
1529164009, 307, 1, 4, 0, 0, 0.27%, 0, 4, 2, 78.81
1529164167, 307, 2, 4, 0, 0, 0.27%, 0, 4, 2, 77.33
1529164213, 307, 3, 4, 0, 0, 0.27%, 0, 4, 2, 77.03
1529164366, 308, 0, 4, 0, 0, 0.27%, 0, 4, 2, 72.92
1529164513, 308, 1, 4, 0, 0, 0.27%, 0, 4, 2, 77.02
1529164676, 308, 2, 4, 0, 0, 0.27%, 0, 4, 2, 81.16
1529164722, 308, 3, 4, 0, 0, 0.27%, 0, 4, 2, 72.10
1529164859, 309, 0, 4, 0, 0, 0.27%, 0, 4, 2, 80.32
1529164991, 309, 1, 4, 0, 0, 0.27%, 0, 4, 2, 76.02
1529165133, 309, 2, 4, 0, 0, 0.27%, 0, 4, 2, 75.48
1529165179, 309, 3, 4, 0, 0, 0.27%, 0, 4, 2, 76.50
1529165347, 310, 0, 4, 0, 0, 0.27%, 0, 4, 2, 76.24
1529165474, 310, 1, 4, 0, 0, 0.27%, 0, 4, 2, 75.15
1529165611, 310, 2, 4, 0, 0, 0.27%, 0, 4, 2, 79.22
1529165662, 310, 3, 4, 0, 0, 0.27%, 0, 4, 2, 72.17
1529165804, 311, 0, 4, 0, 0, 0.27%, 0, 4, 2, 72.17
1529165987, 311, 1, 4, 0, 0, 0.27%, 0, 4, 2, 76.80
1529166140, 311, 2, 4, 0, 0, 0.27%, 0, 4, 2, 78.94
1529166186, 311, 3, 4, 0, 0, 0.27%, 0, 4, 2, 81.63
1529166324, 312, 0, 4, 0, 0, 0.27%, 0, 4, 2, 74.30
1529166476, 312, 1, 4, 0, 0, 0.27%, 0, 4, 2, 74.81
1529166644, 312, 2, 4, 0, 0, 0.27%, 0, 4, 2, 77.48
1529166690, 312, 3, 4, 0, 0, 0.27%, 0, 4, 2, 82.34
1529166873, 313, 0, 4, 0, 0, 0.27%, 0, 4, 2, 79.79
1529167036, 313, 1, 4, 0, 0, 0.27%, 0, 4, 2, 81.31
1529167199, 313, 2, 4, 0, 0, 0.27%, 0, 4, 2, 82.24
1529167250, 313, 3, 4, 0, 0, 0.27%, 0, 4, 2, 78.21
1529167413, 314, 0, 4, 0, 0, 0.27%, 0, 4, 2, 73.25
1529167585, 314, 1, 4, 0, 0, 0.27%, 0, 4, 2, 77.83
1529167733, 314, 2, 4, 0, 0, 0.27%, 0, 4, 2, 71.93
1529167784, 314, 3, 4, 0, 0, 0.27%, 0, 4, 2, 73.05
1529167931, 315, 0, 4, 0, 0, 0.27%, 0, 4, 2, 71.89
1529168058, 315, 1, 4, 0, 0, 0.27%, 0, 4, 2, 78.07
1529168195, 315, 2, 4, 0, 0, 0.27%, 0, 4, 2, 79.77
1529168246, 315, 3, 4, 0, 0, 0.27%, 0, 4, 2, 82.01
1529168388, 316, 0, 4, 0, 0, 0.27%, 0, 4, 2, 77.69
1529168540, 316, 1, 4, 0, 0, 0.27%, 0, 4, 2, 77.93
1529168713, 316, 2, 4, 0, 0, 0.27%, 0, 4, 2, 76.36
1529168759, 316, 3, 4, 0, 0, 0.27%, 0, 4, 2, 77.44
1529168916, 317, 0, 4, 0, 0, 0.27%, 0, 4, 2, 77.97
1529169063, 317, 1, 4, 0, 0, 0.27%, 0, 4, 2, 79.86
1529169210, 317, 2, 4, 0, 0, 0.27%, 0, 4, 2, 75.36
1529169261, 317, 3, 4, 0, 0, 0.27%, 0, 4, 2, 75.48
1529169434, 318, 0, 4, 0, 0, 0.27%, 0, 4, 2, 80.78
1529169586, 318, 1, 4, 0, 0, 0.27%, 0, 4, 2, 78.09
1529169733, 318, 2, 4, 0, 0, 0.27%, 0, 4, 2, 75.94
1529169778, 318, 3, 4, 0, 0, 0.27%, 0, 4, 2, 71.00
1529169921, 319, 0, 4, 0, 0, 0.27%, 0, 4, 2, 70.70
1529170074, 319, 1, 4, 0, 0, 0.27%, 0, 4, 2, 90.94
1529170216, 319, 2, 4, 0, 0, 0.27%, 0, 4, 2, 85.55
1529170262, 319, 3, 4, 0, 0, 0.27%, 0, 4, 2, 83.14
1529170429, 320, 0, 4, 0, 0, 0.27%, 0, 4, 2, 79.94
1529170597, 320, 1, 4, 0, 0, 0.27%, 0, 4, 2, 78.29
1529170744, 320, 2, 4, 0, 0, 0.27%, 0, 4, 2, 81.76
1529170795, 320, 3, 4, 0, 0, 0.27%, 0, 4, 2, 82.61
1529170953, 321, 0, 4, 0, 0, 0.27%, 0, 4, 2, 76.84
1529171095, 321, 1, 4, 0, 0, 0.27%, 0, 4, 2, 74.40
1529171262, 321, 2, 4, 0, 0, 0.27%, 0, 4, 2, 75.15
1529171308, 321, 3, 4, 0, 0, 0.27%, 0, 4, 2, 78.12
1529171465, 322, 0, 4, 0, 0, 0.27%, 0, 4, 2, 78.59
1529171628, 322, 1, 4, 0, 0, 0.27%, 0, 4, 2, 79.18
1529171796, 322, 2, 4, 0, 0, 0.27%, 0, 4, 2, 78.05
1529171842, 322, 3, 4, 0, 0, 0.27%, 0, 4, 2, 74.03
1529172020, 323, 0, 4, 0, 0, 0.27%, 0, 4, 2, 73.54
1529172153, 323, 1, 4, 0, 0, 0.27%, 0, 4, 2, 72.01
1529172295, 323, 2, 4, 0, 0, 0.27%, 0, 4, 2, 77.76
1529172340, 323, 3, 4, 0, 0, 0.27%, 0, 4, 2, 78.63
1529172457, 324, 0, 4, 0, 0, 0.27%, 0, 4, 2, 77.55
1529172605, 324, 1, 4, 0, 0, 0.27%, 0, 4, 2, 75.44
1529172763, 324, 2, 4, 0, 0, 0.27%, 0, 4, 2, 75.90
1529172809, 324, 3, 4, 0, 0, 0.27%, 0, 4, 2, 81.42
1529172972, 325, 0, 4, 0, 0, 0.27%, 0, 4, 2, 83.45
1529173119, 325, 1, 4, 0, 0, 0.27%, 0, 4, 2, 74.05
1529173267, 325, 2, 4, 0, 0, 0.27%, 0, 4, 2, 75.17
1529173313, 325, 3, 4, 0, 0, 0.27%, 0, 4, 2, 87.28
1529173481, 326, 0, 4, 0, 0, 0.27%, 0, 4, 2, 76.50
1529173634, 326, 1, 4, 0, 0, 0.27%, 0, 4, 2, 69.05
1529173761, 326, 2, 4, 0, 0, 0.27%, 0, 4, 2, 76.82
1529173807, 326, 3, 4, 0, 0, 0.27%, 0, 4, 2, 73.25
1529173944, 327, 0, 4, 0, 0, 0.27%, 0, 4, 2, 94.46
1529174103, 327, 1, 4, 0, 0, 0.27%, 0, 4, 2, 76.78
1529174250, 327, 2, 4, 0, 0, 0.27%, 0, 4, 2, 77.54
1529174296, 327, 3, 4, 0, 0, 0.27%, 0, 4, 2, 77.62
1529174459, 328, 0, 4, 0, 0, 0.27%, 0, 4, 2, 75.26
1529174627, 328, 1, 4, 0, 0, 0.27%, 0, 4, 2, 68.24
1529174784, 328, 2, 4, 0, 0, 0.27%, 0, 4, 2, 77.62
1529174835, 328, 3, 4, 0, 0, 0.27%, 0, 4, 2, 93.34
1529174967, 329, 0, 4, 0, 0, 0.27%, 0, 4, 2, 80.06
1529175145, 329, 1, 4, 0, 0, 0.27%, 0, 4, 2, 76.31
1529175298, 329, 2, 4, 0, 0, 0.27%, 0, 4, 2, 71.38
1529175349, 329, 3, 4, 0, 0, 0.27%, 0, 4, 2, 80.92
1529175496, 330, 0, 4, 0, 0, 0.27%, 0, 4, 2, 81.89
1529175628, 330, 1, 4, 0, 0, 0.27%, 0, 4, 2, 80.93
1529175781, 330, 2, 4, 0, 0, 0.27%, 0, 4, 2, 78.18
1529175827, 330, 3, 4, 0, 0, 0.27%, 0, 4, 2, 78.10
1529175953, 331, 0, 4, 0, 0, 0.27%, 0, 4, 2, 74.61
1529176086, 331, 1, 4, 0, 0, 0.27%, 0, 4, 2, 77.11
1529176253, 331, 2, 4, 0, 0, 0.27%, 0, 4, 2, 73.68
1529176299, 331, 3, 4, 0, 0, 0.27%, 0, 4, 2, 84.74
1529176467, 332, 0, 4, 0, 0, 0.27%, 0, 4, 2, 71.02
1529176629, 332, 1, 4, 0, 0, 0.27%, 0, 4, 2, 74.64
1529176756, 332, 2, 4, 0, 0, 0.27%, 0, 4, 2, 82.16
1529176802, 332, 3, 4, 0, 0, 0.27%, 0, 4, 2, 74.20
1529176954, 333, 0, 4, 0, 0, 0.27%, 0, 4, 2, 77.62
1529177112, 333, 1, 4, 0, 0, 0.27%, 0, 4, 2, 75.87
1529177275, 333, 2, 4, 0, 0, 0.27%, 0, 4, 2, 75.96
1529177326, 333, 3, 4, 0, 0, 0.27%, 0, 4, 2, 76.08
1529177498, 334, 0, 4, 0, 0, 0.27%, 0, 4, 2, 80.20
1529177655, 334, 1, 4, 0, 0, 0.27%, 0, 4, 2, 80.40
1529177777, 334, 2, 4, 0, 0, 0.27%, 0, 4, 2, 77.18
1529177828, 334, 3, 4, 0, 0, 0.27%, 0, 4, 2, 76.01
1529177980, 335, 0, 4, 0, 0, 0.27%, 0, 4, 2, 76.97
1529178133, 335, 1, 4, 0, 0, 0.27%, 0, 4, 2, 79.22
1529178296, 335, 2, 4, 0, 0, 0.27%, 0, 4, 2, 79.07
1529178347, 335, 3, 4, 0, 0, 0.27%, 0, 4, 2, 80.38
1529178494, 336, 0, 4, 0, 0, 0.27%, 0, 4, 2, 78.89
1529178637, 336, 1, 4, 0, 0, 0.27%, 0, 4, 2, 86.86
1529178779, 336, 2, 4, 0, 0, 0.27%, 0, 4, 2, 77.89
1529178824, 336, 3, 4, 0, 0, 0.27%, 0, 4, 2, 73.84
1529178987, 337, 0, 4, 0, 0, 0.27%, 0, 4, 2, 75.86
1529179135, 337, 1, 4, 0, 0, 0.27%, 0, 4, 2, 78.41
1529179281, 337, 2, 4, 0, 0, 0.27%, 0, 4, 2, 75.85
1529179332, 337, 3, 4, 0, 0, 0.27%, 0, 4, 2, 78.49
1529179470, 338, 0, 4, 0, 0, 0.27%, 0, 4, 2, 73.90
1529179612, 338, 1, 4, 0, 0, 0.27%, 0, 4, 2, 74.56
1529179770, 338, 2, 4, 0, 0, 0.27%, 0, 4, 2, 81.49
1529179815, 338, 3, 4, 0, 0, 0.27%, 0, 4, 2, 79.99
1529179957, 339, 0, 4, 0, 0, 0.27%, 0, 4, 2, 77.58
1529180100, 339, 1, 4, 0, 0, 0.27%, 0, 4, 2, 77.01
1529180252, 339, 2, 4, 0, 0, 0.27%, 0, 4, 2, 83.43
1529180303, 339, 3, 4, 0, 0, 0.27%, 0, 4, 2, 74.45
1529180450, 340, 0, 4, 0, 0, 0.27%, 0, 4, 2, 72.81
1529180618, 340, 1, 4, 0, 0, 0.27%, 0, 4, 2, 76.56
1529180761, 340, 2, 4, 0, 0, 0.27%, 0, 4, 2, 75.84
1529180811, 340, 3, 4, 0, 0, 0.27%, 0, 4, 2, 74.02
1529180968, 341, 0, 4, 0, 0, 0.27%, 0, 4, 2, 81.84
1529181090, 341, 1, 4, 0, 0, 0.27%, 0, 4, 2, 75.41
1529181222, 341, 2, 4, 0, 0, 0.27%, 0, 4, 2, 75.97
1529181273, 341, 3, 4, 0, 0, 0.27%, 0, 4, 2, 80.61
1529181425, 342, 0, 4, 0, 0, 0.27%, 0, 4, 2, 75.25
1529181588, 342, 1, 4, 0, 0, 0.27%, 0, 4, 2, 84.51
1529181735, 342, 2, 4, 0, 0, 0.27%, 0, 4, 2, 78.88
1529181786, 342, 3, 4, 0, 0, 0.27%, 0, 4, 2, 74.82
1529181928, 343, 0, 4, 0, 0, 0.27%, 0, 4, 2, 83.62
1529182065, 343, 1, 4, 0, 0, 0.27%, 0, 4, 2, 81.01
1529182217, 343, 2, 4, 0, 0, 0.27%, 0, 4, 2, 71.30
1529182268, 343, 3, 4, 0, 0, 0.27%, 0, 4, 2, 75.64
1529182411, 344, 0, 4, 0, 0, 0.27%, 0, 4, 2, 76.41
1529182573, 344, 1, 4, 0, 0, 0.27%, 0, 4, 2, 78.74
1529182705, 344, 2, 4, 0, 0, 0.27%, 0, 4, 2, 78.09
1529182755, 344, 3, 4, 0, 0, 0.27%, 0, 4, 2, 80.31
1529182939, 345, 0, 4, 0, 0, 0.27%, 0, 4, 2, 81.21
1529183087, 345, 1, 4, 0, 0, 0.27%, 0, 4, 2, 72.82
1529183244, 345, 2, 4, 0, 0, 0.27%, 0, 4, 2, 85.75
1529183290, 345, 3, 4, 0, 0, 0.27%, 0, 4, 2, 78.65
1529183463, 346, 0, 4, 0, 0, 0.27%, 0, 4, 2, 103.37
1529183616, 346, 1, 4, 0, 0, 0.27%, 0, 4, 2, 66.07
1529183780, 346, 2, 4, 0, 0, 0.27%, 0, 4, 2, 82.31
1529183830, 346, 3, 4, 0, 0, 0.27%, 0, 4, 2, 73.69
1529183978, 347, 0, 4, 0, 0, 0.27%, 0, 4, 2, 76.24
1529184115, 347, 1, 4, 0, 0, 0.27%, 0, 4, 2, 80.24
1529184252, 347, 2, 4, 0, 0, 0.27%, 0, 4, 2, 77.98
1529184298, 347, 3, 4, 0, 0, 0.27%, 0, 4, 2, 87.69
1529184460, 348, 0, 4, 0, 0, 0.27%, 0, 4, 2, 78.09
1529184613, 348, 1, 4, 0, 0, 0.27%, 0, 4, 2, 76.31
1529184750, 348, 2, 4, 0, 0, 0.27%, 0, 4, 2, 74.47
1529184802, 348, 3, 4, 0, 0, 0.27%, 0, 4, 2, 65.08
1529184949, 349, 0, 4, 0, 0, 0.27%, 0, 4, 2, 78.92
1529185116, 349, 1, 4, 0, 0, 0.27%, 0, 4, 2, 74.43
1529185279, 349, 2, 4, 0, 0, 0.27%, 0, 4, 2, 69.16
1529185326, 349, 3, 4, 0, 0, 0.27%, 0, 4, 2, 75.25
1529185493, 350, 0, 4, 0, 0, 0.27%, 0, 4, 2, 85.27
1529185630, 350, 1, 4, 0, 0, 0.27%, 0, 4, 2, 78.25
1529185772, 350, 2, 4, 0, 0, 0.27%, 0, 4, 2, 80.55
1529185823, 350, 3, 4, 0, 0, 0.27%, 0, 4, 2, 76.30
1529185986, 351, 0, 4, 0, 0, 0.27%, 0, 4, 2, 74.17
1529186153, 351, 1, 4, 0, 0, 0.27%, 0, 4, 2, 71.10
1529186321, 351, 2, 4, 0, 0, 0.27%, 0, 4, 2, 83.08
1529186366, 351, 3, 4, 0, 0, 0.27%, 0, 4, 2, 74.62
1529186520, 352, 0, 4, 0, 0, 0.27%, 0, 4, 2, 75.07
1529186662, 352, 1, 4, 0, 0, 0.27%, 0, 4, 2, 90.40
1529186836, 352, 2, 4, 0, 0, 0.27%, 0, 4, 2, 75.12
1529186887, 352, 3, 4, 0, 0, 0.27%, 0, 4, 2, 69.63
1529187040, 353, 0, 4, 0, 0, 0.27%, 0, 4, 2, 80.38
1529187218, 353, 1, 4, 0, 0, 0.27%, 0, 4, 2, 85.20
1529187381, 353, 2, 4, 0, 0, 0.27%, 0, 4, 2, 76.40
1529187432, 353, 3, 4, 0, 0, 0.27%, 0, 4, 2, 83.44
1529187599, 354, 0, 4, 0, 0, 0.27%, 0, 4, 2, 84.26
1529187747, 354, 1, 4, 0, 0, 0.27%, 0, 4, 2, 78.04
1529187890, 354, 2, 4, 0, 0, 0.27%, 0, 4, 2, 78.87
1529187935, 354, 3, 4, 0, 0, 0.27%, 0, 4, 2, 75.47
1529188067, 355, 0, 4, 0, 0, 0.27%, 0, 4, 2, 76.76
1529188230, 355, 1, 4, 0, 0, 0.27%, 0, 4, 2, 82.87
1529188383, 355, 2, 4, 0, 0, 0.27%, 0, 4, 2, 97.36
1529188429, 355, 3, 4, 0, 0, 0.27%, 0, 4, 2, 75.50
1529188612, 356, 0, 4, 0, 0, 0.27%, 0, 4, 2, 77.54
1529188744, 356, 1, 4, 0, 0, 0.27%, 0, 4, 2, 78.34
1529188912, 356, 2, 4, 0, 0, 0.27%, 0, 4, 2, 75.39
1529188958, 356, 3, 4, 0, 0, 0.27%, 0, 4, 2, 73.37
1529189111, 357, 0, 4, 0, 0, 0.27%, 0, 4, 2, 74.03
1529189259, 357, 1, 4, 0, 0, 0.27%, 0, 4, 2, 81.26
1529189407, 357, 2, 4, 0, 0, 0.27%, 0, 4, 2, 76.09
1529189458, 357, 3, 4, 0, 0, 0.27%, 0, 4, 2, 84.68
1529189610, 358, 0, 4, 0, 0, 0.27%, 0, 4, 2, 81.48
1529189768, 358, 1, 4, 0, 0, 0.27%, 0, 4, 2, 83.47
1529189900, 358, 2, 4, 0, 0, 0.27%, 0, 4, 2, 78.45
1529189951, 358, 3, 4, 0, 0, 0.27%, 0, 4, 2, 77.52
1529190093, 359, 0, 4, 0, 0, 0.27%, 0, 4, 2, 74.52
1529190266, 359, 1, 4, 0, 0, 0.27%, 0, 4, 2, 74.18
1529190409, 359, 2, 4, 0, 0, 0.27%, 0, 4, 2, 75.27
1529190459, 359, 3, 4, 0, 0, 0.27%, 0, 4, 2, 64.56
1529190597, 360, 0, 4, 0, 0, 0.27%, 0, 4, 2, 83.92
1529190749, 360, 1, 4, 0, 0, 0.27%, 0, 4, 2, 80.63
1529190912, 360, 2, 4, 0, 0, 0.27%, 0, 4, 2, 76.26
1529190963, 360, 3, 4, 0, 0, 0.27%, 0, 4, 2, 78.78
1529191126, 361, 0, 4, 0, 0, 0.27%, 0, 4, 2, 85.00
1529191263, 361, 1, 4, 0, 0, 0.27%, 0, 4, 2, 77.10
1529191405, 361, 2, 4, 0, 0, 0.27%, 0, 4, 2, 78.58
1529191451, 361, 3, 4, 0, 0, 0.27%, 0, 4, 2, 76.46
1529191614, 362, 0, 4, 0, 0, 0.27%, 0, 4, 2, 82.53
1529191761, 362, 1, 4, 0, 0, 0.27%, 0, 4, 2, 78.66
1529191909, 362, 2, 4, 0, 0, 0.27%, 0, 4, 2, 79.18
1529191959, 362, 3, 4, 0, 0, 0.27%, 0, 4, 2, 76.27
1529192096, 363, 0, 4, 0, 0, 0.27%, 0, 4, 2, 78.74
1529192223, 363, 1, 4, 0, 0, 0.27%, 0, 4, 2, 81.86
1529192370, 363, 2, 4, 0, 0, 0.27%, 0, 4, 2, 75.70
1529192416, 363, 3, 4, 0, 0, 0.27%, 0, 4, 2, 78.97
1529192559, 364, 0, 4, 0, 0, 0.27%, 0, 4, 2, 76.86
1529192695, 364, 1, 4, 0, 0, 0.27%, 0, 4, 2, 80.16
1529192852, 364, 2, 4, 0, 0, 0.27%, 0, 4, 2, 86.02
1529192903, 364, 3, 4, 0, 0, 0.27%, 0, 4, 2, 75.88
1529193046, 365, 0, 4, 0, 0, 0.27%, 0, 4, 2, 79.11
1529193193, 365, 1, 4, 0, 0, 0.27%, 0, 4, 2, 83.08
1529193345, 365, 2, 4, 0, 0, 0.27%, 0, 4, 2, 81.44
1529193396, 365, 3, 4, 0, 0, 0.27%, 0, 4, 2, 74.87
1529193553, 366, 0, 4, 0, 0, 0.27%, 0, 4, 2, 83.01
1529193685, 366, 1, 4, 0, 0, 0.27%, 0, 4, 2, 86.45
1529193854, 366, 2, 4, 0, 0, 0.27%, 0, 4, 2, 78.04
1529193904, 366, 3, 4, 0, 0, 0.27%, 0, 4, 2, 87.13
1529194046, 367, 0, 4, 0, 0, 0.27%, 0, 4, 2, 80.28
1529194183, 367, 1, 4, 0, 0, 0.27%, 0, 4, 2, 78.33
1529194315, 367, 2, 4, 0, 0, 0.27%, 0, 4, 2, 77.63
1529194361, 367, 3, 4, 0, 0, 0.27%, 0, 4, 2, 80.03
1529194517, 368, 0, 4, 0, 0, 0.27%, 0, 4, 2, 71.49
1529194670, 368, 1, 4, 0, 0, 0.27%, 0, 4, 2, 70.65
1529194822, 368, 2, 4, 0, 0, 0.27%, 0, 4, 2, 75.52
1529194873, 368, 3, 4, 0, 0, 0.27%, 0, 4, 2, 71.12
1529195051, 369, 0, 4, 0, 0, 0.27%, 0, 4, 2, 85.61
1529195194, 369, 1, 4, 0, 0, 0.27%, 0, 4, 2, 76.53
1529195356, 369, 2, 4, 0, 0, 0.27%, 0, 4, 2, 73.28
1529195407, 369, 3, 4, 0, 0, 0.27%, 0, 4, 2, 79.93
1529195585, 370, 0, 4, 0, 0, 0.27%, 0, 4, 2, 79.17
1529195722, 370, 1, 4, 0, 0, 0.27%, 0, 4, 2, 69.41
1529195894, 370, 2, 4, 0, 0, 0.27%, 0, 4, 2, 83.17
1529195940, 370, 3, 4, 0, 0, 0.27%, 0, 4, 2, 82.56
1529196072, 371, 0, 4, 0, 0, 0.27%, 0, 4, 2, 80.19
1529196199, 371, 1, 4, 0, 0, 0.27%, 0, 4, 2, 78.36
1529196331, 371, 2, 4, 0, 0, 0.27%, 0, 4, 2, 70.61
1529196382, 371, 3, 4, 0, 0, 0.27%, 0, 4, 2, 79.84
1529196540, 372, 0, 4, 0, 0, 0.27%, 0, 4, 2, 82.21
1529196682, 372, 1, 4, 0, 0, 0.27%, 0, 4, 2, 75.62
1529196838, 372, 2, 4, 0, 0, 0.27%, 0, 4, 2, 75.74
1529196889, 372, 3, 4, 0, 0, 0.27%, 0, 4, 2, 75.98
1529197031, 373, 0, 4, 0, 0, 0.27%, 0, 4, 2, 77.83
1529197194, 373, 1, 4, 0, 0, 0.27%, 0, 4, 2, 78.24
1529197336, 373, 2, 4, 0, 0, 0.27%, 0, 4, 2, 78.94
1529197382, 373, 3, 4, 0, 0, 0.27%, 0, 4, 2, 76.77
1529197550, 374, 0, 4, 0, 0, 0.27%, 0, 4, 2, 78.72
1529197708, 374, 1, 4, 0, 0, 0.27%, 0, 4, 2, 88.67
1529197866, 374, 2, 4, 0, 0, 0.27%, 0, 4, 2, 76.29
1529197911, 374, 3, 4, 0, 0, 0.27%, 0, 4, 2, 77.84
1529198079, 375, 0, 4, 0, 0, 0.27%, 0, 4, 2, 72.06
1529198262, 375, 1, 4, 0, 0, 0.27%, 0, 4, 2, 73.37
1529198404, 375, 2, 4, 0, 0, 0.27%, 0, 4, 2, 77.55
1529198455, 375, 3, 4, 0, 0, 0.27%, 0, 4, 2, 83.33
1529198608, 376, 0, 4, 0, 0, 0.27%, 0, 4, 2, 74.87
1529198760, 376, 1, 4, 0, 0, 0.27%, 0, 4, 2, 68.18
1529198908, 376, 2, 4, 0, 0, 0.27%, 0, 4, 2, 76.36
1529198954, 376, 3, 4, 0, 0, 0.27%, 0, 4, 2, 82.71
1529199127, 377, 0, 4, 0, 0, 0.27%, 0, 4, 2, 78.87
1529199259, 377, 1, 4, 0, 0, 0.27%, 0, 4, 2, 74.15
1529199411, 377, 2, 4, 0, 0, 0.27%, 0, 4, 2, 78.04
1529199457, 377, 3, 4, 0, 0, 0.27%, 0, 4, 2, 73.61
1529199594, 378, 0, 4, 0, 0, 0.27%, 0, 4, 2, 77.98
1529199732, 378, 1, 4, 0, 0, 0.27%, 0, 4, 2, 76.42
1529199849, 378, 2, 4, 0, 0, 0.27%, 0, 4, 2, 75.01
1529199900, 378, 3, 4, 0, 0, 0.27%, 0, 4, 2, 80.65
1529200047, 379, 0, 4, 0, 0, 0.27%, 0, 4, 2, 83.38
1529200215, 379, 1, 4, 0, 0, 0.27%, 0, 4, 2, 84.36
1529200348, 379, 2, 4, 0, 0, 0.27%, 0, 4, 2, 80.89
1529200394, 379, 3, 4, 0, 0, 0.27%, 0, 4, 2, 85.40
1529200547, 380, 0, 4, 0, 0, 0.27%, 0, 4, 2, 74.45
1529200704, 380, 1, 4, 0, 0, 0.27%, 0, 4, 2, 73.96
1529200846, 380, 2, 4, 0, 0, 0.27%, 0, 4, 2, 66.28
1529200898, 380, 3, 4, 0, 0, 0.27%, 0, 4, 2, 73.70
1529201040, 381, 0, 4, 0, 0, 0.27%, 0, 4, 2, 73.51
1529201208, 381, 1, 4, 0, 0, 0.27%, 0, 4, 2, 81.82
1529201380, 381, 2, 4, 0, 0, 0.27%, 0, 4, 2, 85.94
1529201425, 381, 3, 4, 0, 0, 0.27%, 0, 4, 2, 73.71
1529201583, 382, 0, 4, 0, 0, 0.27%, 0, 4, 2, 75.33
1529201751, 382, 1, 4, 0, 0, 0.27%, 0, 4, 2, 75.83
1529201888, 382, 2, 4, 0, 0, 0.27%, 0, 4, 2, 80.52
1529201934, 382, 3, 4, 0, 0, 0.27%, 0, 4, 2, 78.94
1529202097, 383, 0, 4, 0, 0, 0.27%, 0, 4, 2, 80.63
1529202234, 383, 1, 4, 0, 0, 0.27%, 0, 4, 2, 78.45
1529202392, 383, 2, 4, 0, 0, 0.27%, 0, 4, 2, 77.54
1529202442, 383, 3, 4, 0, 0, 0.27%, 0, 4, 2, 71.45
1529202595, 384, 0, 4, 0, 0, 0.27%, 0, 4, 2, 71.01
1529202752, 384, 1, 4, 0, 0, 0.27%, 0, 4, 2, 80.14
1529202924, 384, 2, 4, 0, 0, 0.27%, 0, 4, 2, 74.58
1529202970, 384, 3, 4, 0, 0, 0.27%, 0, 4, 2, 76.47
1529203127, 385, 0, 4, 0, 0, 0.27%, 0, 4, 2, 77.46
1529203275, 385, 1, 4, 0, 0, 0.27%, 0, 4, 2, 85.55
1529203438, 385, 2, 4, 0, 0, 0.27%, 0, 4, 2, 78.67
1529203484, 385, 3, 4, 0, 0, 0.27%, 0, 4, 2, 72.22
1529203651, 386, 0, 4, 0, 0, 0.27%, 0, 4, 2, 80.37
1529203799, 386, 1, 4, 0, 0, 0.27%, 0, 4, 2, 79.87
1529203941, 386, 2, 4, 0, 0, 0.27%, 0, 4, 2, 76.77
1529203986, 386, 3, 4, 0, 0, 0.27%, 0, 4, 2, 81.41
1529204124, 387, 0, 4, 0, 0, 0.27%, 0, 4, 2, 83.67
1529204262, 387, 1, 4, 0, 0, 0.27%, 0, 4, 2, 90.65
1529204419, 387, 2, 4, 0, 0, 0.27%, 0, 4, 2, 83.05
1529204465, 387, 3, 4, 0, 0, 0.27%, 0, 4, 2, 70.32
1529204622, 388, 0, 4, 0, 0, 0.27%, 0, 4, 2, 81.61
1529204780, 388, 1, 4, 0, 0, 0.27%, 0, 4, 2, 80.82
1529204927, 388, 2, 4, 0, 0, 0.27%, 0, 4, 2, 80.29
1529204978, 388, 3, 4, 0, 0, 0.27%, 0, 4, 2, 68.87
1529205136, 389, 0, 4, 0, 0, 0.27%, 0, 4, 2, 91.37
1529205303, 389, 1, 4, 0, 0, 0.27%, 0, 4, 2, 90.97
1529205420, 389, 2, 4, 0, 0, 0.27%, 0, 4, 2, 79.16
1529205471, 389, 3, 4, 0, 0, 0.27%, 0, 4, 2, 79.36
1529205612, 390, 0, 4, 0, 0, 0.27%, 0, 4, 2, 79.13
1529205744, 390, 1, 4, 0, 0, 0.27%, 0, 4, 2, 78.72
1529205871, 390, 2, 4, 0, 0, 0.27%, 0, 4, 2, 78.86
1529205922, 390, 3, 4, 0, 0, 0.27%, 0, 4, 2, 79.53
1529206079, 391, 0, 4, 0, 0, 0.27%, 0, 4, 2, 87.34
1529206226, 391, 1, 4, 0, 0, 0.27%, 0, 4, 2, 75.45
1529206385, 391, 2, 4, 0, 0, 0.27%, 0, 4, 2, 80.83
1529206435, 391, 3, 4, 0, 0, 0.27%, 0, 4, 2, 80.45
1529206613, 392, 0, 4, 0, 0, 0.27%, 0, 4, 2, 76.99
1529206719, 392, 1, 4, 0, 0, 0.27%, 0, 4, 2, 77.71
1529206867, 392, 2, 4, 0, 0, 0.27%, 0, 4, 2, 72.68
1529206913, 392, 3, 4, 0, 0, 0.27%, 0, 4, 2, 85.32
1529207065, 393, 0, 4, 0, 0, 0.27%, 0, 4, 2, 85.63
1529207217, 393, 1, 4, 0, 0, 0.27%, 0, 4, 2, 77.17
1529207375, 393, 2, 4, 0, 0, 0.27%, 0, 4, 2, 79.48
1529207426, 393, 3, 4, 0, 0, 0.27%, 0, 4, 2, 74.10
1529207568, 394, 0, 4, 0, 0, 0.27%, 0, 4, 2, 54.39
1529207721, 394, 1, 4, 0, 0, 0.27%, 0, 4, 2, 79.32
1529207889, 394, 2, 4, 0, 0, 0.27%, 0, 4, 2, 87.96
1529207934, 394, 3, 4, 0, 0, 0.27%, 0, 4, 2, 72.91
1529208087, 395, 0, 4, 0, 0, 0.27%, 0, 4, 2, 84.83
1529208229, 395, 1, 4, 0, 0, 0.27%, 0, 4, 2, 77.39
1529208382, 395, 2, 4, 0, 0, 0.27%, 0, 4, 2, 77.30
1529208433, 395, 3, 4, 0, 0, 0.27%, 0, 4, 2, 74.08
1529208590, 396, 0, 4, 0, 0, 0.27%, 0, 4, 2, 57.43
1529208758, 396, 1, 4, 0, 0, 0.27%, 0, 4, 2, 82.33
1529208906, 396, 2, 4, 0, 0, 0.27%, 0, 4, 2, 75.55
1529208952, 396, 3, 4, 0, 0, 0.27%, 0, 4, 2, 76.85
1529209104, 397, 0, 4, 0, 0, 0.27%, 0, 4, 2, 80.51
1529209260, 397, 1, 4, 0, 0, 0.27%, 0, 4, 2, 77.18
1529209408, 397, 2, 4, 0, 0, 0.27%, 0, 4, 2, 78.05
1529209453, 397, 3, 4, 0, 0, 0.27%, 0, 4, 2, 74.83
1529209616, 398, 0, 4, 0, 0, 0.27%, 0, 4, 2, 83.81
1529209784, 398, 1, 4, 0, 0, 0.27%, 0, 4, 2, 81.13
1529209936, 398, 2, 4, 0, 0, 0.27%, 0, 4, 2, 89.61
1529209982, 398, 3, 4, 0, 0, 0.27%, 0, 4, 2, 75.48
1529210155, 399, 0, 4, 0, 0, 0.27%, 0, 4, 2, 86.53
1529210303, 399, 1, 4, 0, 0, 0.27%, 0, 4, 2, 79.87
1529210455, 399, 2, 4, 0, 0, 0.27%, 0, 4, 2, 80.11
1529210501, 399, 3, 4, 0, 0, 0.27%, 0, 4, 2, 79.33
1529210653, 400, 0, 4, 0, 0, 0.27%, 0, 4, 2, 77.24
1529210811, 400, 1, 4, 0, 0, 0.27%, 0, 4, 2, 79.13
1529210968, 400, 2, 4, 0, 0, 0.27%, 0, 4, 2, 79.90
1529211018, 400, 3, 4, 0, 0, 0.27%, 0, 4, 2, 77.38
1529211175, 401, 0, 4, 0, 0, 0.27%, 0, 4, 2, 78.48
1529211338, 401, 1, 4, 0, 0, 0.27%, 0, 4, 2, 79.15
1529211470, 401, 2, 4, 0, 0, 0.27%, 0, 4, 2, 89.67
1529211516, 401, 3, 4, 0, 0, 0.27%, 0, 4, 2, 76.54
1529211648, 402, 0, 4, 0, 0, 0.27%, 0, 4, 2, 75.95
1529211795, 402, 1, 4, 0, 0, 0.27%, 0, 4, 2, 74.72
1529211952, 402, 2, 4, 0, 0, 0.27%, 0, 4, 2, 76.36
1529212003, 402, 3, 4, 0, 0, 0.27%, 0, 4, 2, 75.98
1529212171, 403, 0, 4, 0, 0, 0.27%, 0, 4, 2, 76.62
1529212314, 403, 1, 4, 0, 0, 0.27%, 0, 4, 2, 81.47
1529212472, 403, 2, 4, 0, 0, 0.27%, 0, 4, 2, 75.35
1529212517, 403, 3, 4, 0, 0, 0.27%, 0, 4, 2, 76.16
1529212685, 404, 0, 4, 0, 0, 0.27%, 0, 4, 2, 72.85
1529212828, 404, 1, 4, 0, 0, 0.27%, 0, 4, 2, 69.49
1529212975, 404, 2, 4, 0, 0, 0.27%, 0, 4, 2, 76.61
1529213026, 404, 3, 4, 0, 0, 0.27%, 0, 4, 2, 80.11
1529213188, 405, 0, 4, 0, 0, 0.27%, 0, 4, 2, 7.70
1529213335, 405, 1, 4, 0, 0, 0.27%, 0, 4, 2, 75.51
1529213472, 405, 2, 4, 0, 0, 0.27%, 0, 4, 2, 72.11
1529213518, 405, 3, 4, 0, 0, 0.27%, 0, 4, 2, 72.56
1529213651, 406, 0, 4, 0, 0, 0.27%, 0, 4, 2, 85.21
1529213782, 406, 1, 4, 0, 0, 0.27%, 0, 4, 2, 84.75
1529213924, 406, 2, 4, 0, 0, 0.27%, 0, 4, 2, 77.00
1529213969, 406, 3, 4, 0, 0, 0.27%, 0, 4, 2, 79.98
1529214127, 407, 0, 4, 0, 0, 0.27%, 0, 4, 2, 73.11
1529214310, 407, 1, 4, 0, 0, 0.27%, 0, 4, 2, 78.45
1529214442, 407, 2, 4, 0, 0, 0.27%, 0, 4, 2, 76.57
1529214487, 407, 3, 4, 0, 0, 0.27%, 0, 4, 2, 79.16
1529214640, 408, 0, 4, 0, 0, 0.27%, 0, 4, 2, 76.38
1529214772, 408, 1, 4, 0, 0, 0.27%, 0, 4, 2, 83.39
1529214930, 408, 2, 4, 0, 0, 0.27%, 0, 4, 2, 79.30
1529214981, 408, 3, 4, 0, 0, 0.27%, 0, 4, 2, 74.36
1529215118, 409, 0, 4, 0, 0, 0.27%, 0, 4, 2, 79.19
1529215265, 409, 1, 4, 0, 0, 0.27%, 0, 4, 2, 81.93
1529215423, 409, 2, 4, 0, 0, 0.27%, 0, 4, 2, 81.16
1529215468, 409, 3, 4, 0, 0, 0.27%, 0, 4, 2, 74.58
1529215600, 410, 0, 4, 0, 0, 0.27%, 0, 4, 2, 76.92
1529215707, 410, 1, 4, 0, 0, 0.27%, 0, 4, 2, 81.23
1529215875, 410, 2, 4, 0, 0, 0.27%, 0, 4, 2, 79.29
1529215921, 410, 3, 4, 0, 0, 0.27%, 0, 4, 2, 78.95
1529216068, 411, 0, 4, 0, 0, 0.27%, 0, 4, 2, 88.60
1529216174, 411, 1, 4, 0, 0, 0.27%, 0, 4, 2, 73.92
1529216328, 411, 2, 4, 0, 0, 0.27%, 0, 4, 2, 76.33
1529216374, 411, 3, 4, 0, 0, 0.27%, 0, 4, 2, 81.28
1529216526, 412, 0, 4, 0, 0, 0.27%, 0, 4, 2, 80.25
1529216683, 412, 1, 4, 0, 0, 0.27%, 0, 4, 2, 80.32
1529216841, 412, 2, 4, 0, 0, 0.27%, 0, 4, 2, 80.16
1529216892, 412, 3, 4, 0, 0, 0.27%, 0, 4, 2, 74.96
1529217034, 413, 0, 4, 0, 0, 0.27%, 0, 4, 2, 78.49
1529217176, 413, 1, 4, 0, 0, 0.27%, 0, 4, 2, 16.06
1529217324, 413, 2, 4, 0, 0, 0.27%, 0, 4, 2, 75.59
1529217375, 413, 3, 4, 0, 0, 0.27%, 0, 4, 2, 78.13
1529217501, 414, 0, 4, 0, 0, 0.27%, 0, 4, 2, 80.28
1529217648, 414, 1, 4, 0, 0, 0.27%, 0, 4, 2, 84.39
1529217796, 414, 2, 4, 0, 0, 0.27%, 0, 4, 2, 73.93
1529217842, 414, 3, 4, 0, 0, 0.27%, 0, 4, 2, 79.60
1529218010, 415, 0, 4, 0, 0, 0.27%, 0, 4, 2, 78.29
1529218163, 415, 1, 4, 0, 0, 0.27%, 0, 4, 2, 78.61
1529218326, 415, 2, 4, 0, 0, 0.27%, 0, 4, 2, 81.67
1529218377, 415, 3, 4, 0, 0, 0.27%, 0, 4, 2, 77.72
1529218530, 416, 0, 4, 0, 0, 0.27%, 0, 4, 2, 73.91
1529218677, 416, 1, 4, 0, 0, 0.27%, 0, 4, 2, 87.13
1529218844, 416, 2, 4, 0, 0, 0.27%, 0, 4, 2, 71.44
1529218895, 416, 3, 4, 0, 0, 0.27%, 0, 4, 2, 82.20
1529219047, 417, 0, 4, 0, 0, 0.27%, 0, 4, 2, 74.20
1529219184, 417, 1, 4, 0, 0, 0.27%, 0, 4, 2, 73.90
1529219332, 417, 2, 4, 0, 0, 0.27%, 0, 4, 2, 85.57
1529219377, 417, 3, 4, 0, 0, 0.27%, 0, 4, 2, 79.74
1529219540, 418, 0, 4, 0, 0, 0.27%, 0, 4, 2, 80.02
1529219656, 418, 1, 4, 0, 0, 0.27%, 0, 4, 2, 81.69
1529219794, 418, 2, 4, 0, 0, 0.27%, 0, 4, 2, 77.21
1529219845, 418, 3, 4, 0, 0, 0.27%, 0, 4, 2, 96.74
1529220003, 419, 0, 4, 0, 0, 0.27%, 0, 4, 2, 75.09
1529220145, 419, 1, 4, 0, 0, 0.27%, 0, 4, 2, 74.98
1529220282, 419, 2, 4, 0, 0, 0.27%, 0, 4, 2, 78.39
1529220333, 419, 3, 4, 0, 0, 0.27%, 0, 4, 2, 78.47
1529220480, 420, 0, 4, 0, 0, 0.27%, 0, 4, 2, 77.77
1529220612, 420, 1, 4, 0, 0, 0.27%, 0, 4, 2, 80.09
1529220769, 420, 2, 4, 0, 0, 0.27%, 0, 4, 2, 67.21
1529220815, 420, 3, 4, 0, 0, 0.27%, 0, 4, 2, 75.63
1529220947, 421, 0, 4, 0, 0, 0.27%, 0, 4, 2, 76.52
1529221115, 421, 1, 4, 0, 0, 0.27%, 0, 4, 2, 78.19
1529221242, 421, 2, 4, 0, 0, 0.27%, 0, 4, 2, 87.55
1529221293, 421, 3, 4, 0, 0, 0.27%, 0, 4, 2, 78.02
1529221440, 422, 0, 4, 0, 0, 0.27%, 0, 4, 2, 80.23
1529221597, 422, 1, 4, 0, 0, 0.27%, 0, 4, 2, 86.30
1529221754, 422, 2, 4, 0, 0, 0.27%, 0, 4, 2, 75.83
1529221805, 422, 3, 4, 0, 0, 0.27%, 0, 4, 2, 80.34
1529221938, 423, 0, 4, 0, 0, 0.27%, 0, 4, 2, 72.99
1529222069, 423, 1, 4, 0, 0, 0.27%, 0, 4, 2, 77.33
1529222212, 423, 2, 4, 0, 0, 0.27%, 0, 4, 2, 79.20
1529222257, 423, 3, 4, 0, 0, 0.27%, 0, 4, 2, 75.74
1529222419, 424, 0, 4, 0, 0, 0.27%, 0, 4, 2, 76.63
1529222561, 424, 1, 4, 0, 0, 0.27%, 0, 4, 2, 81.71
1529222699, 424, 2, 4, 0, 0, 0.27%, 0, 4, 2, 78.55
1529222745, 424, 3, 4, 0, 0, 0.27%, 0, 4, 2, 75.62
1529222902, 425, 0, 4, 0, 0, 0.27%, 0, 4, 2, 85.60
1529223070, 425, 1, 4, 0, 0, 0.27%, 0, 4, 2, 80.08
1529223213, 425, 2, 4, 0, 0, 0.27%, 0, 4, 2, 74.26
1529223264, 425, 3, 4, 0, 0, 0.27%, 0, 4, 2, 76.23
1529223416, 426, 0, 4, 0, 0, 0.27%, 0, 4, 2, 79.23
1529223563, 426, 1, 4, 0, 0, 0.27%, 0, 4, 2, 79.87
1529223711, 426, 2, 4, 0, 0, 0.27%, 0, 4, 2, 76.81
1529223757, 426, 3, 4, 0, 0, 0.27%, 0, 4, 2, 80.05
1529223910, 427, 0, 4, 0, 0, 0.27%, 0, 4, 2, 75.96
1529224083, 427, 1, 4, 0, 0, 0.27%, 0, 4, 2, 92.12
1529224230, 427, 2, 4, 0, 0, 0.27%, 0, 4, 2, 83.61
1529224281, 427, 3, 4, 0, 0, 0.27%, 0, 4, 2, 83.02
1529224429, 428, 0, 4, 0, 0, 0.27%, 0, 4, 2, 77.47
1529224571, 428, 1, 4, 0, 0, 0.27%, 0, 4, 2, 85.26
1529224749, 428, 2, 4, 0, 0, 0.27%, 0, 4, 2, 88.64
1529224795, 428, 3, 4, 0, 0, 0.27%, 0, 4, 2, 75.78
1529224943, 429, 0, 4, 0, 0, 0.27%, 0, 4, 2, 71.10
1529225075, 429, 1, 4, 0, 0, 0.27%, 0, 4, 2, 83.49
1529225237, 429, 2, 4, 0, 0, 0.27%, 0, 4, 2, 77.09
1529225288, 429, 3, 4, 0, 0, 0.27%, 0, 4, 2, 70.49
1529225450, 430, 0, 4, 0, 0, 0.27%, 0, 4, 2, 80.15
1529225603, 430, 1, 4, 0, 0, 0.27%, 0, 4, 2, 81.77
1529225745, 430, 2, 4, 0, 0, 0.27%, 0, 4, 2, 77.56
1529225791, 430, 3, 4, 0, 0, 0.27%, 0, 4, 2, 80.39
1529225948, 431, 0, 4, 0, 0, 0.27%, 0, 4, 2, 73.32
1529226090, 431, 1, 4, 0, 0, 0.27%, 0, 4, 2, 78.47
1529226226, 431, 2, 4, 0, 0, 0.27%, 0, 4, 2, 80.44
1529226278, 431, 3, 4, 0, 0, 0.27%, 0, 4, 2, 71.06
1529226425, 432, 0, 4, 0, 0, 0.27%, 0, 4, 2, 81.02
1529226567, 432, 1, 4, 0, 0, 0.27%, 0, 4, 2, 81.23
1529226709, 432, 2, 4, 0, 0, 0.27%, 0, 4, 2, 75.24
1529226760, 432, 3, 4, 0, 0, 0.27%, 0, 4, 2, 77.43
1529226892, 433, 0, 4, 0, 0, 0.27%, 0, 4, 2, 81.61
1529227044, 433, 1, 4, 0, 0, 0.27%, 0, 4, 2, 86.09
1529227176, 433, 2, 4, 0, 0, 0.27%, 0, 4, 2, 72.18
1529227227, 433, 3, 4, 0, 0, 0.27%, 0, 4, 2, 75.63
1529227349, 434, 0, 4, 0, 0, 0.27%, 0, 4, 2, 89.57
1529227507, 434, 1, 4, 0, 0, 0.27%, 0, 4, 2, 81.97
1529227690, 434, 2, 4, 0, 0, 0.27%, 0, 4, 2, 80.01
1529227741, 434, 3, 4, 0, 0, 0.27%, 0, 4, 2, 79.74
1529227894, 435, 0, 4, 0, 0, 0.27%, 0, 4, 2, 77.41
1529228056, 435, 1, 4, 0, 0, 0.27%, 0, 4, 2, 73.35
1529228199, 435, 2, 4, 0, 0, 0.27%, 0, 4, 2, 80.61
1529228249, 435, 3, 4, 0, 0, 0.27%, 0, 4, 2, 80.65
1529228391, 436, 0, 4, 0, 0, 0.27%, 0, 4, 2, 75.89
1529228544, 436, 1, 4, 0, 0, 0.27%, 0, 4, 2, 81.10
1529228691, 436, 2, 4, 0, 0, 0.27%, 0, 4, 2, 75.29
1529228742, 436, 3, 4, 0, 0, 0.27%, 0, 4, 2, 76.33
1529228869, 437, 0, 4, 0, 0, 0.27%, 0, 4, 2, 73.15
1529229031, 437, 1, 4, 0, 0, 0.27%, 0, 4, 2, 78.73
1529229184, 437, 2, 4, 0, 0, 0.27%, 0, 4, 2, 92.07
1529229229, 437, 3, 4, 0, 0, 0.27%, 0, 4, 2, 78.21
1529229382, 438, 0, 4, 0, 0, 0.27%, 0, 4, 2, 76.96
1529229534, 438, 1, 4, 0, 0, 0.27%, 0, 4, 2, 76.13
1529229697, 438, 2, 4, 0, 0, 0.27%, 0, 4, 2, 70.64
1529229743, 438, 3, 4, 0, 0, 0.27%, 0, 4, 2, 81.58
1529229895, 439, 0, 4, 0, 0, 0.27%, 0, 4, 2, 70.27
1529230023, 439, 1, 4, 0, 0, 0.27%, 0, 4, 2, 81.08
1529230180, 439, 2, 4, 0, 0, 0.27%, 0, 4, 2, 77.31
1529230226, 439, 3, 4, 0, 0, 0.27%, 0, 4, 2, 89.50
1529230378, 440, 0, 4, 0, 0, 0.27%, 0, 4, 2, 83.01
1529230526, 440, 1, 4, 0, 0, 0.27%, 0, 4, 2, 75.35
1529230662, 440, 2, 4, 0, 0, 0.27%, 0, 4, 2, 78.02
1529230713, 440, 3, 4, 0, 0, 0.27%, 0, 4, 2, 71.74
1529230861, 441, 0, 4, 0, 0, 0.27%, 0, 4, 2, 78.07
1529230998, 441, 1, 4, 0, 0, 0.27%, 0, 4, 2, 76.92
1529231150, 441, 2, 4, 0, 0, 0.27%, 0, 4, 2, 75.88
1529231195, 441, 3, 4, 0, 0, 0.27%, 0, 4, 2, 83.20
1529231353, 442, 0, 4, 0, 0, 0.27%, 0, 4, 2, 76.27
1529231530, 442, 1, 4, 0, 0, 0.27%, 0, 4, 2, 71.06
1529231687, 442, 2, 4, 0, 0, 0.27%, 0, 4, 2, 75.28
1529231739, 442, 3, 4, 0, 0, 0.27%, 0, 4, 2, 78.25
1529231886, 443, 0, 4, 0, 0, 0.27%, 0, 4, 2, 78.65
1529232049, 443, 1, 4, 0, 0, 0.27%, 0, 4, 2, 80.31
1529232181, 443, 2, 4, 0, 0, 0.27%, 0, 4, 2, 74.96
1529232232, 443, 3, 4, 0, 0, 0.27%, 0, 4, 2, 73.78
1529232390, 444, 0, 4, 0, 0, 0.27%, 0, 4, 2, 75.30
1529232527, 444, 1, 4, 0, 0, 0.27%, 0, 4, 2, 74.89
1529232679, 444, 2, 4, 0, 0, 0.27%, 0, 4, 2, 76.07
1529232730, 444, 3, 4, 0, 0, 0.27%, 0, 4, 2, 78.20
1529232898, 445, 0, 4, 0, 0, 0.27%, 0, 4, 2, 82.67
1529233060, 445, 1, 4, 0, 0, 0.27%, 0, 4, 2, 81.41
1529233197, 445, 2, 4, 0, 0, 0.27%, 0, 4, 2, 78.86
1529233243, 445, 3, 4, 0, 0, 0.27%, 0, 4, 2, 75.06
1529233369, 446, 0, 4, 0, 0, 0.27%, 0, 4, 2, 75.69
1529233538, 446, 1, 4, 0, 0, 0.27%, 0, 4, 2, 79.41
1529233675, 446, 2, 4, 0, 0, 0.27%, 0, 4, 2, 76.39
1529233726, 446, 3, 4, 0, 0, 0.27%, 0, 4, 2, 74.65
1529233884, 447, 0, 4, 0, 0, 0.27%, 0, 4, 2, 75.94
1529234031, 447, 1, 4, 0, 0, 0.27%, 0, 4, 2, 83.17
1529234178, 447, 2, 4, 0, 0, 0.27%, 0, 4, 2, 77.91
1529234224, 447, 3, 4, 0, 0, 0.27%, 0, 4, 2, 76.78
1529234387, 448, 0, 4, 0, 0, 0.27%, 0, 4, 2, 86.37
1529234545, 448, 1, 4, 0, 0, 0.27%, 0, 4, 2, 76.69
1529234687, 448, 2, 4, 0, 0, 0.27%, 0, 4, 2, 73.70
1529234737, 448, 3, 4, 0, 0, 0.27%, 0, 4, 2, 82.47
1529234890, 449, 0, 4, 0, 0, 0.27%, 0, 4, 2, 73.96
1529235027, 449, 1, 4, 0, 0, 0.27%, 0, 4, 2, 79.93
1529235209, 449, 2, 4, 0, 0, 0.27%, 0, 4, 2, 75.65
1529235255, 449, 3, 4, 0, 0, 0.27%, 0, 4, 2, 78.49
1529235403, 450, 0, 4, 0, 0, 0.27%, 0, 4, 2, 74.40
1529235531, 450, 1, 4, 0, 0, 0.27%, 0, 4, 2, 75.59
1529235693, 450, 2, 4, 0, 0, 0.27%, 0, 4, 2, 72.19
1529235738, 450, 3, 4, 0, 0, 0.27%, 0, 4, 2, 80.16
1529235855, 451, 0, 4, 0, 0, 0.27%, 0, 4, 2, 82.02
1529236018, 451, 1, 4, 0, 0, 0.27%, 0, 4, 2, 76.21
1529236166, 451, 2, 4, 0, 0, 0.27%, 0, 4, 2, 79.17
1529236217, 451, 3, 4, 0, 0, 0.27%, 0, 4, 2, 75.59
1529236379, 452, 0, 4, 0, 0, 0.27%, 0, 4, 2, 79.11
1529236501, 452, 1, 4, 0, 0, 0.27%, 0, 4, 2, 74.92
1529236678, 452, 2, 4, 0, 0, 0.27%, 0, 4, 2, 82.23
1529236723, 452, 3, 4, 0, 0, 0.27%, 0, 4, 2, 71.67
1529236871, 453, 0, 4, 0, 0, 0.27%, 0, 4, 2, 79.74
1529237019, 453, 1, 4, 0, 0, 0.27%, 0, 4, 2, 76.62
1529237160, 453, 2, 4, 0, 0, 0.27%, 0, 4, 2, 75.82
1529237211, 453, 3, 4, 0, 0, 0.27%, 0, 4, 2, 75.98
1529237348, 454, 0, 4, 0, 0, 0.27%, 0, 4, 2, 78.65
1529237507, 454, 1, 4, 0, 0, 0.27%, 0, 4, 2, 74.10
1529237669, 454, 2, 4, 0, 0, 0.27%, 0, 4, 2, 2.94
1529237715, 454, 3, 4, 0, 0, 0.27%, 0, 4, 2, 81.72
1529237848, 455, 0, 4, 0, 0, 0.27%, 0, 4, 2, 81.02
1529238000, 455, 1, 4, 0, 0, 0.27%, 0, 4, 2, 74.57
1529238153, 455, 2, 4, 0, 0, 0.27%, 0, 4, 2, 71.89
1529238199, 455, 3, 4, 0, 0, 0.27%, 0, 4, 2, 77.38
1529238331, 456, 0, 4, 0, 0, 0.27%, 0, 4, 2, 72.87
1529238463, 456, 1, 4, 0, 0, 0.27%, 0, 4, 2, 78.13
1529238600, 456, 2, 4, 0, 0, 0.27%, 0, 4, 2, 70.85
1529238651, 456, 3, 4, 0, 0, 0.27%, 0, 4, 2, 74.36
1529238773, 457, 0, 4, 0, 0, 0.27%, 0, 4, 2, 88.78
1529238925, 457, 1, 4, 0, 0, 0.27%, 0, 4, 2, 78.60
1529239078, 457, 2, 4, 0, 0, 0.27%, 0, 4, 2, 75.64
1529239123, 457, 3, 4, 0, 0, 0.27%, 0, 4, 2, 84.36
1529239296, 458, 0, 4, 0, 0, 0.27%, 0, 4, 2, 83.47
1529239433, 458, 1, 4, 0, 0, 0.27%, 0, 4, 2, 74.31
1529239586, 458, 2, 4, 0, 0, 0.27%, 0, 4, 2, 79.95
1529239637, 458, 3, 4, 0, 0, 0.27%, 0, 4, 2, 77.77
1529239794, 459, 0, 4, 0, 0, 0.27%, 0, 4, 2, 76.21
1529239930, 459, 1, 4, 0, 0, 0.27%, 0, 4, 2, 74.72
1529240078, 459, 2, 4, 0, 0, 0.27%, 0, 4, 2, 47.12
1529240129, 459, 3, 4, 0, 0, 0.27%, 0, 4, 2, 79.65
1529240277, 460, 0, 4, 0, 0, 0.27%, 0, 4, 2, 76.49
1529240419, 460, 1, 4, 0, 0, 0.27%, 0, 4, 2, 82.55
1529240571, 460, 2, 4, 0, 0, 0.27%, 0, 4, 2, 88.82
1529240617, 460, 3, 4, 0, 0, 0.27%, 0, 4, 2, 50.94
1529240780, 461, 0, 4, 0, 0, 0.27%, 0, 4, 2, 75.60
1529240942, 461, 1, 4, 0, 0, 0.27%, 0, 4, 2, 78.51
1529241105, 461, 2, 4, 0, 0, 0.27%, 0, 4, 2, 76.03
1529241156, 461, 3, 4, 0, 0, 0.27%, 0, 4, 2, 76.88
1529241308, 462, 0, 4, 0, 0, 0.27%, 0, 4, 2, 81.33
1529241450, 462, 1, 4, 0, 0, 0.27%, 0, 4, 2, 75.83
1529241607, 462, 2, 4, 0, 0, 0.27%, 0, 4, 2, 79.99
1529241658, 462, 3, 4, 0, 0, 0.27%, 0, 4, 2, 84.17
1529241815, 463, 0, 4, 0, 0, 0.27%, 0, 4, 2, 89.06
1529241962, 463, 1, 4, 0, 0, 0.27%, 0, 4, 2, 83.56
1529242131, 463, 2, 4, 0, 0, 0.27%, 0, 4, 2, 76.86
1529242177, 463, 3, 4, 0, 0, 0.27%, 0, 4, 2, 14.63
1529242334, 464, 0, 4, 0, 0, 0.27%, 0, 4, 2, 80.78
1529242481, 464, 1, 4, 0, 0, 0.27%, 0, 4, 2, 80.72
1529242634, 464, 2, 4, 0, 0, 0.27%, 0, 4, 2, 79.90
1529242685, 464, 3, 4, 0, 0, 0.27%, 0, 4, 2, 77.48
1529242863, 465, 0, 4, 0, 0, 0.27%, 0, 4, 2, 78.29
1529243010, 465, 1, 4, 0, 0, 0.27%, 0, 4, 2, 73.43
1529243166, 465, 2, 4, 0, 0, 0.27%, 0, 4, 2, 84.63
1529243212, 465, 3, 4, 0, 0, 0.27%, 0, 4, 2, 78.65
1529243354, 466, 0, 4, 0, 0, 0.27%, 0, 4, 2, 82.47
1529243486, 466, 1, 4, 0, 0, 0.27%, 0, 4, 2, 77.65
1529243634, 466, 2, 4, 0, 0, 0.27%, 0, 4, 2, 83.42
1529243685, 466, 3, 4, 0, 0, 0.27%, 0, 4, 2, 73.53
1529243833, 467, 0, 4, 0, 0, 0.27%, 0, 4, 2, 78.58
1529243996, 467, 1, 4, 0, 0, 0.27%, 0, 4, 2, 75.38
1529244164, 467, 2, 4, 0, 0, 0.27%, 0, 4, 2, 82.12
1529244209, 467, 3, 4, 0, 0, 0.27%, 0, 4, 2, 78.57
1529244362, 468, 0, 4, 0, 0, 0.27%, 0, 4, 2, 73.87
1529244505, 468, 1, 4, 0, 0, 0.27%, 0, 4, 2, 76.29
1529244647, 468, 2, 4, 0, 0, 0.27%, 0, 4, 2, 74.62
1529244698, 468, 3, 4, 0, 0, 0.27%, 0, 4, 2, 70.33
1529244860, 469, 0, 4, 0, 0, 0.27%, 0, 4, 2, 73.47
1529244987, 469, 1, 4, 0, 0, 0.27%, 0, 4, 2, 89.38
1529245099, 469, 2, 4, 0, 0, 0.27%, 0, 4, 2, 75.74
1529245145, 469, 3, 4, 0, 0, 0.27%, 0, 4, 2, 83.52
1529245282, 470, 0, 4, 0, 0, 0.27%, 0, 4, 2, 74.61
1529245423, 470, 1, 4, 0, 0, 0.27%, 0, 4, 2, 77.68
1529245586, 470, 2, 4, 0, 0, 0.27%, 0, 4, 2, 79.86
1529245632, 470, 3, 4, 0, 0, 0.27%, 0, 4, 2, 74.92
1529245774, 471, 0, 4, 0, 0, 0.27%, 0, 4, 2, 75.67
1529245947, 471, 1, 4, 0, 0, 0.27%, 0, 4, 2, 89.57
