# unix_time, cycles_done, cur_path, paths_total, pending_total, pending_favs, map_size, unique_crashes, unique_hangs, max_depth, execs_per_sec
1530143742, 0, 0, 1, 1, 1, 2.15%, 0, 0, 1, 18.45
1530143747, 0, 0, 2, 2, 1, 2.15%, 0, 0, 2, 18.72
1530143752, 0, 0, 3, 3, 1, 2.16%, 0, 0, 2, 18.78
1530143762, 0, 0, 4, 4, 1, 2.16%, 0, 0, 2, 18.52
1530143773, 0, 0, 5, 5, 1, 2.16%, 0, 0, 2, 18.59
1530143778, 0, 0, 6, 6, 1, 2.17%, 0, 0, 2, 19.47
1530143783, 0, 0, 7, 7, 1, 2.17%, 0, 0, 2, 18.70
1530143788, 0, 0, 7, 7, 1, 2.17%, 1, 0, 2, 18.29
1530143855, 0, 0, 8, 8, 1, 2.17%, 1, 0, 2, 20.22
1530144195, 0, 1, 9, 8, 5, 2.17%, 1, 0, 2, 21.04
1530144252, 0, 2, 13, 11, 4, 2.18%, 1, 0, 3, 25.11
1530144257, 0, 2, 14, 12, 4, 2.18%, 1, 0, 3, 18.80
1530144267, 0, 2, 15, 13, 4, 2.19%, 1, 0, 3, 24.40
1530144293, 0, 3, 15, 12, 9, 2.19%, 1, 0, 3, 18.82
1530144350, 0, 5, 15, 11, 8, 2.19%, 1, 0, 3, 19.18
1530144370, 0, 7, 15, 10, 7, 2.19%, 1, 0, 3, 22.55
1530144396, 0, 9, 19, 13, 6, 2.20%, 1, 0, 4, 24.11
1530144401, 0, 9, 23, 17, 6, 2.21%, 1, 0, 4, 25.18
1530144407, 0, 9, 29, 23, 6, 2.23%, 1, 0, 4, 30.17
1530144448, 0, 10, 29, 22, 18, 2.23%, 1, 0, 4, 23.07
1530144484, 0, 11, 29, 21, 17, 2.23%, 1, 0, 4, 22.89
1530144530, 0, 12, 29, 20, 16, 2.23%, 2, 0, 4, 18.59
1530144535, 0, 12, 31, 22, 16, 2.23%, 2, 0, 4, 40.59
1530144561, 0, 13, 32, 22, 16, 2.23%, 2, 0, 4, 22.74
1530144607, 0, 13, 32, 21, 15, 2.23%, 2, 0, 4, 19.70
1530144612, 0, 14, 32, 21, 16, 2.23%, 2, 1, 4, 23.65
1530144617, 0, 14, 34, 23, 16, 2.24%, 2, 1, 4, 25.69
1530144637, 0, 14, 35, 24, 16, 2.24%, 2, 1, 4, 20.87
1530144658, 0, 14, 36, 25, 16, 2.24%, 2, 1, 4, 20.83
1530144735, 0, 15, 36, 24, 17, 2.24%, 2, 2, 4, 23.25
1530144750, 0, 15, 36, 24, 17, 2.24%, 3, 2, 4, 19.97
1530144765, 0, 15, 36, 24, 17, 2.24%, 3, 3, 4, 20.59
1530144781, 0, 16, 36, 23, 16, 2.24%, 3, 3, 4, 19.82
1530144806, 0, 16, 36, 23, 16, 2.24%, 4, 3, 4, 21.31
1530144821, 0, 16, 37, 24, 16, 2.24%, 4, 3, 5, 23.04
1530144847, 0, 16, 37, 24, 16, 2.24%, 5, 3, 5, 19.58
1530144903, 0, 17, 37, 23, 15, 2.24%, 5, 3, 5, 18.56
1530144908, 0, 17, 37, 23, 15, 2.24%, 5, 4, 5, 52.44
1530145010, 0, 17, 37, 23, 15, 2.24%, 5, 5, 5, 20.62
1530145056, 0, 18, 37, 22, 14, 2.24%, 5, 5, 5, 20.24
1530145113, 0, 18, 37, 22, 14, 2.24%, 6, 5, 5, 18.97
1530145133, 0, 19, 47, 31, 13, 2.24%, 6, 5, 5, 31.43
1530145205, 0, 20, 47, 30, 12, 2.24%, 6, 5, 5, 21.73
1530145226, 0, 20, 47, 30, 12, 2.24%, 7, 5, 5, 19.39
1530145277, 0, 21, 48, 30, 11, 2.24%, 7, 5, 5, 25.41
1530145323, 0, 22, 48, 29, 11, 2.24%, 7, 5, 5, 21.86
1530145395, 0, 23, 49, 29, 10, 2.25%, 7, 5, 5, 26.72
1530145447, 0, 24, 50, 29, 10, 2.25%, 7, 5, 5, 26.85
1530145518, 0, 26, 50, 28, 10, 2.25%, 7, 5, 5, 27.51
1530145554, 0, 26, 50, 28, 10, 2.25%, 8, 5, 5, 20.14
1530145605, 0, 27, 50, 27, 9, 2.25%, 8, 5, 5, 18.23
1530145651, 0, 28, 50, 26, 8, 2.25%, 8, 5, 5, 111.27
1530145662, 0, 28, 50, 26, 8, 2.25%, 8, 6, 5, 20.52
1530145687, 0, 28, 51, 27, 8, 2.25%, 8, 6, 5, 21.52
1530145713, 0, 28, 51, 27, 8, 2.25%, 8, 7, 5, 20.67
1530145739, 0, 30, 51, 26, 7, 2.25%, 8, 7, 5, 24.52
1530145790, 0, 31, 53, 27, 6, 2.25%, 8, 7, 5, 20.67
1530145862, 0, 32, 53, 26, 5, 2.25%, 8, 7, 5, 34.79
1530145908, 0, 34, 53, 25, 4, 2.25%, 8, 7, 5, 18.89
1530145955, 0, 35, 53, 24, 3, 2.25%, 8, 7, 5, 115.38
1530145991, 0, 35, 54, 25, 3, 2.25%, 8, 7, 5, 21.24
1530146042, 0, 47, 54, 24, 3, 2.25%, 8, 7, 5, 30.02
1530146104, 0, 48, 54, 23, 2, 2.25%, 8, 7, 5, 30.99
1530146166, 0, 53, 54, 22, 1, 2.25%, 8, 7, 5, 17.73
1530146171, 0, 53, 55, 23, 1, 2.26%, 8, 7, 6, 42.67
1530146212, 0, 53, 56, 24, 1, 2.26%, 8, 7, 6, 23.49
1530146243, 0, 54, 56, 23, 2, 2.26%, 8, 7, 6, 27.58
1530146254, 0, 54, 57, 24, 2, 2.26%, 8, 7, 7, 28.11
1530146279, 0, 54, 57, 24, 2, 2.26%, 8, 8, 7, 23.50
1530146321, 0, 55, 57, 23, 2, 2.26%, 8, 8, 7, 28.18
1530146326, 0, 55, 57, 23, 2, 2.26%, 8, 10, 7, 25.52
1530146362, 0, 56, 57, 22, 1, 2.26%, 8, 10, 7, 422.92
1530146408, 1, 3, 57, 21, 0, 2.26%, 8, 10, 7, 21.38
1530146434, 1, 5, 57, 21, 0, 2.26%, 8, 10, 7, 19.36
1530146454, 1, 7, 57, 21, 0, 2.26%, 8, 10, 7, 20.06
1530146470, 1, 9, 57, 21, 0, 2.26%, 8, 10, 7, 18.80
1530146526, 1, 10, 57, 21, 0, 2.26%, 8, 10, 7, 19.97
1530146557, 1, 11, 57, 21, 0, 2.26%, 8, 10, 7, 19.46
1530146582, 1, 14, 57, 21, 0, 2.26%, 8, 10, 7, 19.99
1530146608, 1, 15, 57, 21, 0, 2.26%, 8, 10, 7, 19.34
1530146644, 1, 16, 57, 21, 0, 2.26%, 8, 10, 7, 19.47
1530146695, 1, 17, 57, 21, 0, 2.26%, 8, 10, 7, 20.55
1530146917, 1, 18, 59, 23, 0, 2.26%, 8, 10, 7, 18.01
1530146968, 1, 19, 59, 23, 0, 2.26%, 8, 10, 7, 20.06
1530146984, 1, 19, 59, 23, 0, 2.26%, 9, 10, 7, 19.47
1530147020, 1, 20, 59, 23, 0, 2.26%, 9, 10, 7, 19.26
1530147076, 1, 21, 59, 23, 0, 2.26%, 9, 10, 7, 20.54
1530147112, 1, 22, 59, 23, 0, 2.26%, 9, 10, 7, 18.80
1530147164, 1, 23, 60, 24, 0, 2.26%, 9, 10, 7, 20.74
1530147200, 1, 26, 60, 24, 0, 2.26%, 9, 10, 7, 19.58
1530147313, 1, 27, 60, 24, 0, 2.26%, 9, 10, 7, 19.64
1530147354, 1, 28, 60, 24, 0, 2.26%, 9, 10, 7, 19.80
1530147390, 1, 29, 60, 24, 0, 2.26%, 9, 10, 7, 31.12
1530147442, 1, 30, 60, 23, 0, 2.26%, 9, 10, 7, 20.80
1530147457, 1, 30, 60, 23, 0, 2.26%, 10, 11, 7, 19.78
1530147478, 1, 31, 60, 23, 0, 2.26%, 10, 11, 7, 19.92
1530147529, 1, 32, 60, 23, 0, 2.26%, 10, 11, 7, 19.43
1530147565, 1, 34, 60, 23, 0, 2.26%, 10, 11, 7, 19.71
1530147601, 1, 35, 60, 23, 0, 2.26%, 10, 11, 7, 20.38
1530147637, 1, 42, 60, 23, 0, 2.26%, 10, 11, 7, 20.43
1530147668, 1, 47, 60, 22, 0, 2.26%, 10, 11, 7, 20.04
1530147719, 1, 48, 60, 22, 0, 2.26%, 10, 11, 7, 19.95
1530147771, 1, 53, 60, 22, 0, 2.26%, 10, 11, 7, 21.91
1530147802, 1, 54, 60, 22, 0, 2.26%, 10, 11, 7, 21.83
1530147833, 1, 55, 60, 22, 0, 2.26%, 10, 11, 7, 23.30
1530147838, 1, 56, 60, 22, 0, 2.26%, 10, 11, 7, 23.81
1530147869, 2, 3, 60, 22, 0, 2.26%, 10, 11, 7, 23.95
1530147894, 2, 4, 60, 22, 0, 2.26%, 10, 11, 7, 18.27
1530148022, 2, 5, 60, 21, 0, 2.26%, 10, 11, 7, 19.46
1530148038, 2, 6, 61, 22, 0, 2.26%, 10, 11, 7, 23.56
1530148243, 2, 7, 61, 21, 0, 2.26%, 10, 11, 7, 19.31
1530148258, 2, 9, 61, 21, 0, 2.26%, 10, 11, 7, 19.61
1530148335, 2, 10, 61, 21, 0, 2.26%, 10, 11, 7, 19.05
1530148361, 2, 11, 61, 21, 0, 2.26%, 10, 11, 7, 19.73
1530148386, 2, 14, 61, 21, 0, 2.26%, 10, 11, 7, 19.80
1530148412, 2, 15, 61, 21, 0, 2.26%, 10, 11, 7, 19.59
1530148448, 2, 16, 61, 21, 0, 2.26%, 10, 11, 7, 19.70
1530148499, 2, 17, 61, 21, 0, 2.26%, 10, 11, 7, 19.15
1530148724, 2, 18, 61, 21, 0, 2.26%, 10, 11, 7, 19.60
1530148760, 2, 18, 61, 21, 0, 2.26%, 10, 12, 7, 18.13
1530148776, 2, 19, 61, 21, 0, 2.26%, 10, 12, 7, 19.39
1530148822, 2, 19, 61, 21, 0, 2.26%, 10, 13, 7, 20.36
1530148827, 2, 20, 61, 21, 0, 2.26%, 10, 14, 7, 18.70
1530148878, 2, 21, 61, 21, 0, 2.26%, 10, 14, 7, 20.74
1530148914, 2, 22, 61, 21, 0, 2.26%, 10, 15, 7, 19.26
1530148961, 2, 23, 61, 21, 0, 2.26%, 10, 15, 7, 20.98
1530149001, 2, 26, 61, 21, 0, 2.26%, 10, 15, 7, 20.16
1530149108, 2, 27, 61, 21, 0, 2.26%, 10, 15, 7, 19.70
1530149144, 2, 28, 61, 21, 0, 2.26%, 10, 15, 7, 20.62
1530149185, 2, 30, 61, 21, 0, 2.26%, 10, 15, 7, 19.78
1530149221, 2, 31, 61, 21, 0, 2.26%, 10, 15, 7, 21.21
1530149267, 2, 32, 62, 22, 0, 2.26%, 10, 15, 7, 23.80
1530149303, 2, 34, 62, 22, 0, 2.26%, 10, 15, 7, 20.45
1530149338, 2, 35, 62, 22, 0, 2.26%, 10, 15, 7, 20.66
1530149379, 2, 39, 62, 22, 0, 2.26%, 10, 17, 7, 18.64
1530149394, 2, 39, 62, 22, 0, 2.26%, 10, 18, 7, 28.57
1530149415, 2, 41, 62, 21, 0, 2.26%, 10, 18, 7, 23.75
1530149446, 2, 46, 62, 20, 0, 2.26%, 10, 18, 7, 30.98
1530149476, 2, 47, 62, 19, 0, 2.26%, 10, 18, 7, 21.99
1530149522, 2, 48, 62, 19, 0, 2.26%, 10, 18, 7, 20.49
1530149573, 2, 53, 62, 19, 0, 2.26%, 10, 18, 7, 21.87
1530149603, 2, 54, 62, 19, 0, 2.26%, 10, 18, 7, 22.96
1530149639, 2, 55, 62, 19, 0, 2.26%, 10, 18, 7, 22.49
1530149644, 2, 56, 62, 19, 0, 2.26%, 10, 18, 7, 25.95
1530149674, 2, 58, 62, 19, 0, 2.26%, 10, 18, 7, 38.92
1530149730, 2, 59, 62, 18, 0, 2.26%, 10, 18, 7, 37.89
1530149807, 3, 3, 62, 17, 0, 2.26%, 10, 18, 7, 19.89
1530149833, 3, 5, 62, 17, 0, 2.26%, 10, 18, 7, 20.82
1530149848, 3, 7, 62, 17, 0, 2.26%, 10, 18, 7, 21.98
1530149868, 3, 9, 62, 17, 0, 2.26%, 10, 18, 7, 20.95
1530149972, 3, 10, 62, 17, 0, 2.26%, 10, 18, 7, 18.81
1530150003, 3, 11, 62, 17, 0, 2.26%, 10, 18, 7, 20.50
1530150028, 3, 14, 62, 17, 0, 2.26%, 10, 18, 7, 18.39
1530150059, 3, 15, 62, 17, 0, 2.26%, 10, 18, 7, 19.95
1530150105, 3, 16, 62, 17, 0, 2.26%, 10, 18, 7, 19.83
1530150162, 3, 17, 62, 17, 0, 2.26%, 10, 18, 7, 19.36
1530150390, 3, 18, 62, 17, 0, 2.26%, 10, 18, 7, 20.40
1530150446, 3, 19, 62, 17, 0, 2.26%, 10, 18, 7, 20.20
1530150497, 3, 20, 62, 17, 0, 2.26%, 10, 18, 7, 19.06
1530150548, 3, 21, 62, 17, 0, 2.26%, 10, 18, 7, 20.49
1530150584, 3, 22, 62, 17, 0, 2.26%, 10, 18, 7, 20.35
1530150635, 3, 23, 62, 17, 0, 2.26%, 10, 18, 7, 21.07
1530150671, 3, 25, 62, 17, 0, 2.26%, 10, 18, 7, 18.39
1530150717, 3, 26, 62, 16, 0, 2.26%, 10, 18, 7, 19.78
1530150835, 3, 27, 62, 16, 0, 2.26%, 10, 18, 7, 20.23
1530150871, 3, 28, 62, 16, 0, 2.26%, 10, 18, 7, 20.02
1530150907, 3, 30, 62, 16, 0, 2.26%, 10, 18, 7, 20.43
1530150948, 3, 62, 63, 17, 1, 2.27%, 10, 18, 7, 232.76
1530150988, 4, 3, 63, 16, 0, 2.27%, 10, 18, 7, 20.64
1530151014, 4, 5, 63, 16, 0, 2.27%, 10, 18, 7, 19.56
1530151034, 4, 7, 63, 16, 0, 2.27%, 10, 18, 7, 19.84
1530151050, 4, 9, 63, 16, 0, 2.27%, 10, 18, 7, 20.53
1530151138, 4, 10, 63, 16, 0, 2.27%, 10, 18, 7, 20.03
1530151163, 4, 11, 63, 16, 0, 2.27%, 10, 18, 7, 19.40
1530151189, 4, 14, 63, 16, 0, 2.27%, 10, 18, 7, 20.11
1530151214, 4, 15, 63, 16, 0, 2.27%, 10, 18, 7, 19.96
1530151255, 4, 16, 63, 16, 0, 2.27%, 10, 18, 7, 19.72
1530151301, 4, 17, 63, 16, 0, 2.27%, 10, 18, 7, 20.54
1530151521, 4, 18, 63, 16, 0, 2.27%, 10, 18, 7, 20.23
1530151573, 4, 19, 63, 16, 0, 2.27%, 10, 18, 7, 19.17
1530151624, 4, 20, 63, 16, 0, 2.27%, 10, 18, 7, 19.98
1530151675, 4, 21, 63, 16, 0, 2.27%, 10, 18, 7, 19.77
1530151706, 4, 22, 63, 16, 0, 2.27%, 10, 18, 7, 21.22
1530151758, 4, 23, 63, 16, 0, 2.27%, 10, 18, 7, 19.63
