# unix_time, cycles_done, cur_path, paths_total, pending_total, pending_favs, map_size, unique_crashes, unique_hangs, max_depth, execs_per_sec
1530144510, 0, 0, 1, 1, 1, 2.15%, 0, 0, 1, 18.15
1530144515, 0, 0, 5, 5, 1, 2.16%, 0, 0, 2, 20.58
1530144668, 0, 0, 5, 5, 1, 2.16%, 1, 0, 2, 18.51
1530144673, 0, 0, 6, 6, 1, 2.16%, 1, 0, 2, 20.27
1530144739, 0, 0, 7, 7, 1, 2.17%, 1, 0, 2, 18.35
1530144770, 0, 0, 8, 8, 1, 2.17%, 1, 0, 2, 18.25
1530145404, 0, 0, 27, 26, 0, 2.21%, 1, 0, 2, 17.59
1530145409, 0, 1, 46, 45, 26, 2.25%, 1, 0, 2, 26.64
1530145440, 0, 2, 46, 44, 25, 2.25%, 1, 0, 2, 17.69
1530145475, 0, 2, 46, 44, 25, 2.25%, 2, 0, 2, 18.30
1530145506, 0, 4, 46, 43, 24, 2.25%, 2, 0, 2, 19.46
1530145521, 0, 5, 46, 42, 23, 2.25%, 2, 0, 2, 19.49
1530145542, 0, 6, 46, 41, 22, 2.25%, 2, 0, 2, 18.76
1530145572, 0, 6, 46, 41, 22, 2.25%, 2, 1, 2, 20.32
1530145588, 0, 7, 47, 41, 21, 2.25%, 3, 1, 2, 21.63
1530145618, 0, 7, 47, 41, 21, 2.25%, 4, 1, 2, 20.65
1530145628, 0, 8, 47, 40, 20, 2.25%, 4, 1, 2, 20.46
1530145699, 0, 13, 47, 39, 19, 2.25%, 4, 1, 2, 19.70
1530145770, 0, 13, 48, 40, 19, 2.25%, 4, 1, 2, 22.41
1530145830, 0, 13, 48, 40, 19, 2.25%, 5, 1, 2, 21.81
1530145835, 0, 14, 48, 39, 18, 2.25%, 5, 1, 2, 21.44
1530145851, 0, 14, 48, 39, 18, 2.25%, 6, 1, 2, 19.41
1530145856, 0, 14, 48, 39, 18, 2.25%, 7, 1, 2, 21.22
1530145866, 0, 14, 48, 39, 18, 2.25%, 7, 2, 2, 21.11
1530145881, 0, 16, 48, 38, 17, 2.25%, 7, 2, 2, 19.85
1530145927, 0, 16, 49, 39, 17, 2.25%, 7, 2, 2, 22.59
1530145952, 0, 17, 50, 39, 17, 2.25%, 7, 2, 2, 23.95
1530145957, 0, 17, 50, 39, 17, 2.25%, 7, 3, 2, 19.50
1530145973, 0, 17, 50, 39, 17, 2.25%, 7, 4, 2, 21.91
1530145988, 0, 17, 50, 39, 17, 2.25%, 7, 5, 2, 25.08
1530146003, 0, 19, 50, 38, 16, 2.25%, 7, 5, 2, 19.11
1530146013, 0, 19, 50, 38, 16, 2.25%, 8, 5, 2, 18.63
1530146054, 0, 23, 50, 37, 15, 2.25%, 8, 5, 2, 20.41
1530146104, 0, 26, 50, 36, 14, 2.25%, 8, 5, 2, 19.46
1530146170, 0, 29, 50, 35, 13, 2.25%, 8, 5, 2, 19.69
1530146205, 0, 29, 50, 35, 13, 2.25%, 8, 6, 2, 20.27
1530146215, 0, 31, 51, 35, 13, 2.26%, 8, 7, 2, 20.36
1530146256, 0, 33, 51, 34, 12, 2.26%, 8, 7, 2, 23.61
1530146321, 0, 33, 51, 34, 12, 2.26%, 8, 8, 2, 20.34
1530146362, 0, 33, 51, 34, 12, 2.26%, 8, 9, 2, 20.23
1530146382, 0, 33, 51, 34, 12, 2.26%, 9, 9, 2, 20.67
1530146418, 0, 34, 51, 33, 11, 2.26%, 9, 9, 2, 18.97
1530146484, 0, 35, 51, 32, 10, 2.26%, 9, 9, 2, 19.06
1530146540, 0, 37, 51, 31, 9, 2.26%, 9, 9, 2, 21.54
1530146570, 0, 37, 53, 33, 9, 2.26%, 9, 9, 2, 23.69
1530146596, 0, 39, 53, 32, 10, 2.26%, 9, 9, 2, 19.97
1530146667, 0, 40, 53, 31, 9, 2.26%, 9, 9, 2, 19.38
1530146672, 0, 40, 53, 31, 9, 2.26%, 9, 10, 2, 18.70
1530146723, 0, 41, 53, 30, 8, 2.26%, 9, 10, 2, 20.91
1530146759, 0, 41, 54, 31, 8, 2.26%, 9, 10, 2, 21.84
1530146784, 0, 42, 54, 30, 7, 2.26%, 9, 10, 2, 19.26
1530146855, 0, 44, 54, 29, 6, 2.26%, 9, 10, 2, 18.93
1530146860, 0, 44, 55, 30, 6, 2.26%, 9, 10, 2, 23.60
1530146935, 0, 44, 55, 30, 6, 2.26%, 9, 11, 2, 21.58
1530146951, 0, 45, 55, 29, 5, 2.26%, 9, 11, 2, 20.62
1530147021, 0, 49, 55, 28, 4, 2.26%, 9, 11, 2, 20.21
1530147077, 0, 50, 55, 27, 3, 2.26%, 9, 11, 2, 22.17
1530147122, 0, 51, 55, 26, 2, 2.26%, 9, 11, 2, 20.42
1530147173, 0, 51, 55, 26, 2, 2.26%, 10, 11, 2, 20.86
1530147178, 0, 52, 55, 25, 1, 2.26%, 10, 11, 2, 25.32
1530147224, 0, 55, 56, 25, 0, 2.26%, 10, 11, 2, 23.92
1530147274, 1, 1, 56, 24, 0, 2.26%, 10, 11, 2, 19.28
1530147299, 1, 2, 56, 24, 0, 2.26%, 10, 11, 2, 18.52
1530147376, 1, 4, 56, 24, 0, 2.26%, 10, 11, 2, 18.43
1530147396, 1, 5, 56, 24, 0, 2.26%, 10, 11, 2, 18.90
1530147411, 1, 6, 56, 24, 0, 2.26%, 10, 11, 2, 19.27
1530147478, 1, 7, 56, 24, 0, 2.26%, 10, 11, 2, 19.36
1530147533, 1, 8, 56, 24, 0, 2.26%, 10, 11, 2, 19.36
1530147599, 1, 8, 56, 24, 0, 2.26%, 11, 11, 2, 20.61
1530147604, 1, 13, 56, 24, 0, 2.26%, 11, 11, 2, 20.32
1530147791, 1, 14, 56, 24, 0, 2.26%, 11, 11, 2, 22.68
1530147837, 1, 15, 56, 24, 0, 2.26%, 11, 11, 2, 21.04
1530147889, 1, 16, 56, 23, 0, 2.26%, 11, 11, 2, 19.67
1530147945, 1, 16, 57, 24, 0, 2.26%, 11, 11, 2, 23.68
1530147961, 1, 17, 57, 24, 0, 2.26%, 11, 11, 2, 20.68
1530148001, 1, 19, 57, 24, 0, 2.26%, 11, 11, 2, 21.46
1530148063, 1, 23, 57, 24, 0, 2.26%, 11, 11, 2, 19.35
1530148114, 1, 23, 57, 24, 0, 2.26%, 11, 12, 2, 20.00
1530148119, 1, 24, 57, 24, 0, 2.26%, 11, 12, 2, 21.76
1530148170, 1, 26, 57, 23, 0, 2.26%, 11, 12, 2, 19.49
1530148247, 1, 27, 57, 23, 0, 2.26%, 11, 12, 2, 19.34
1530148287, 1, 29, 57, 22, 0, 2.26%, 11, 12, 2, 20.49
1530148333, 1, 30, 57, 22, 0, 2.26%, 11, 12, 2, 20.47
1530148384, 1, 31, 57, 21, 0, 2.26%, 11, 13, 2, 20.11
1530148430, 1, 33, 57, 21, 0, 2.26%, 11, 13, 2, 19.46
1530148594, 1, 34, 57, 21, 0, 2.26%, 11, 13, 2, 19.15
1530148640, 1, 35, 57, 21, 0, 2.26%, 11, 13, 2, 19.70
1530148691, 1, 37, 57, 21, 0, 2.26%, 11, 13, 2, 18.53
1530148747, 1, 39, 57, 21, 0, 2.26%, 11, 13, 2, 19.95
1530148818, 1, 40, 57, 21, 0, 2.26%, 11, 13, 2, 20.64
1530148879, 1, 41, 57, 21, 0, 2.26%, 11, 13, 2, 19.50
1530148915, 1, 41, 57, 21, 0, 2.26%, 11, 14, 2, 20.49
1530148925, 1, 42, 57, 21, 0, 2.26%, 11, 14, 2, 22.39
1530149002, 1, 44, 57, 21, 0, 2.26%, 11, 14, 2, 19.33
1530149068, 1, 45, 57, 21, 0, 2.26%, 11, 14, 2, 19.88
1530149140, 1, 48, 57, 21, 0, 2.26%, 11, 14, 2, 22.10
1530149186, 1, 48, 57, 21, 0, 2.26%, 11, 15, 2, 21.85
1530149191, 1, 49, 57, 20, 0, 2.26%, 11, 15, 2, 22.25
1530149242, 1, 50, 57, 20, 0, 2.26%, 11, 15, 2, 22.49
1530149293, 1, 51, 57, 20, 0, 2.26%, 11, 15, 2, 22.29
1530149339, 1, 52, 58, 21, 0, 2.26%, 11, 15, 2, 23.90
1530149385, 1, 53, 58, 21, 0, 2.26%, 11, 15, 2, 23.06
1530149437, 1, 56, 58, 20, 0, 2.26%, 11, 15, 2, 20.70
1530149535, 2, 1, 58, 19, 0, 2.26%, 11, 15, 2, 19.57
1530149565, 2, 2, 58, 19, 0, 2.26%, 11, 15, 2, 18.05
1530149637, 2, 4, 58, 19, 0, 2.26%, 11, 15, 2, 18.85
1530149653, 2, 5, 58, 19, 0, 2.26%, 11, 15, 2, 19.46
1530149673, 2, 6, 58, 19, 0, 2.26%, 11, 15, 2, 19.76
1530149735, 2, 7, 58, 19, 0, 2.26%, 11, 15, 2, 18.77
1530149755, 2, 7, 58, 19, 0, 2.26%, 11, 16, 2, 18.41
1530149796, 2, 8, 58, 19, 0, 2.26%, 11, 16, 2, 23.31
1530149868, 2, 11, 58, 19, 0, 2.26%, 11, 16, 2, 23.78
1530149920, 2, 13, 58, 18, 0, 2.26%, 11, 16, 2, 20.02
1530150132, 2, 14, 58, 18, 0, 2.26%, 11, 16, 2, 20.70
1530150190, 2, 16, 58, 18, 0, 2.26%, 11, 16, 2, 20.69
1530150267, 2, 17, 58, 18, 0, 2.26%, 11, 16, 2, 20.02
1530150313, 2, 19, 58, 18, 0, 2.26%, 11, 16, 2, 20.04
1530150369, 2, 23, 58, 18, 0, 2.26%, 11, 16, 2, 18.97
1530150425, 2, 26, 58, 18, 0, 2.26%, 11, 16, 2, 19.86
1530150492, 2, 29, 58, 18, 0, 2.26%, 11, 16, 2, 19.91
1530150538, 2, 30, 58, 18, 0, 2.26%, 11, 16, 2, 19.71
1530150584, 2, 31, 58, 18, 0, 2.26%, 11, 16, 2, 20.98
1530150635, 2, 33, 58, 18, 0, 2.26%, 11, 16, 2, 19.14
1530150737, 2, 33, 59, 19, 0, 2.27%, 11, 16, 2, 22.21
1530150798, 2, 58, 59, 19, 1, 2.27%, 11, 17, 2, 19.58
1530150916, 3, 0, 59, 18, 0, 2.27%, 11, 17, 2, 19.09
1530150977, 3, 1, 59, 18, 0, 2.27%, 11, 17, 2, 19.88
1530151008, 3, 2, 59, 18, 0, 2.27%, 11, 17, 2, 19.08
1530151085, 3, 4, 59, 18, 0, 2.27%, 11, 17, 2, 2.48
1530151110, 3, 5, 59, 18, 0, 2.27%, 11, 17, 2, 20.18
1530151131, 3, 6, 59, 18, 0, 2.27%, 11, 17, 2, 18.35
1530151197, 3, 7, 59, 18, 0, 2.27%, 11, 17, 2, 19.90
1530151253, 3, 8, 59, 18, 0, 2.27%, 11, 17, 2, 21.89
1530151324, 3, 10, 59, 18, 0, 2.27%, 11, 17, 2, 19.72
1530151375, 3, 13, 59, 17, 0, 2.27%, 11, 17, 2, 23.59
1530151548, 3, 14, 59, 17, 0, 2.27%, 11, 17, 2, 22.94
1530151594, 3, 16, 59, 17, 0, 2.27%, 11, 17, 2, 19.81
1530151660, 3, 17, 59, 17, 0, 2.27%, 11, 17, 2, 19.90
1530151701, 3, 19, 59, 17, 0, 2.27%, 11, 17, 2, 21.48
1530151762, 3, 21, 59, 17, 0, 2.27%, 11, 17, 2, 19.58
