# unix_time, cycles_done, cur_path, paths_total, pending_total, pending_favs, map_size, unique_crashes, unique_hangs, max_depth, execs_per_sec
1530143758, 0, 0, 1, 1, 1, 2.15%, 0, 0, 1, 18.73
1530143763, 0, 0, 5, 5, 1, 2.16%, 0, 0, 2, 22.18
1530143778, 0, 0, 6, 6, 1, 2.16%, 0, 0, 2, 18.61
1530144160, 0, 0, 7, 7, 1, 2.17%, 0, 0, 2, 18.90
1530144474, 0, 0, 7, 7, 1, 2.17%, 1, 0, 2, 18.88
1530144628, 0, 0, 10, 10, 1, 2.17%, 1, 0, 2, 21.43
1530144648, 0, 0, 13, 13, 1, 2.18%, 1, 0, 2, 24.65
1530144654, 0, 0, 13, 13, 1, 2.18%, 3, 0, 2, 22.94
1530144659, 0, 0, 13, 13, 1, 2.18%, 4, 0, 2, 21.74
1530144664, 0, 0, 14, 14, 1, 2.19%, 4, 0, 2, 24.08
1530144674, 0, 0, 15, 15, 1, 2.19%, 4, 0, 2, 23.98
1530144679, 0, 0, 16, 16, 1, 2.19%, 4, 0, 2, 22.46
1530144695, 0, 0, 17, 17, 1, 2.19%, 4, 0, 2, 25.65
1530144705, 0, 0, 18, 18, 1, 2.20%, 4, 0, 2, 22.50
1530144710, 0, 0, 19, 19, 1, 2.20%, 4, 0, 2, 22.27
1530144725, 0, 0, 20, 20, 1, 2.20%, 4, 0, 2, 23.32
1530144746, 0, 0, 28, 27, 0, 2.22%, 4, 0, 2, 18.67
1530144751, 0, 1, 37, 36, 23, 2.24%, 4, 0, 2, 20.57
1530144808, 0, 1, 38, 37, 23, 2.24%, 4, 0, 3, 21.25
1530144813, 0, 1, 39, 38, 23, 2.24%, 4, 0, 3, 22.83
1530144833, 0, 3, 39, 37, 22, 2.24%, 4, 0, 3, 19.20
1530144854, 0, 6, 39, 36, 21, 2.24%, 4, 0, 3, 20.68
1530144879, 0, 6, 41, 38, 21, 2.24%, 5, 0, 3, 24.50
1530144889, 0, 6, 41, 38, 21, 2.24%, 6, 0, 3, 20.80
1530144910, 0, 9, 41, 37, 20, 2.24%, 6, 0, 3, 20.21
1530144962, 0, 9, 42, 38, 20, 2.24%, 6, 0, 3, 24.00
1530144977, 0, 9, 43, 39, 20, 2.24%, 6, 0, 3, 23.50
1530144987, 0, 13, 43, 38, 19, 2.24%, 6, 0, 3, 21.95
1530145089, 0, 13, 43, 38, 19, 2.24%, 6, 1, 3, 19.85
1530145094, 0, 15, 44, 38, 18, 2.24%, 6, 1, 3, 21.34
1530145099, 0, 15, 44, 38, 18, 2.24%, 7, 1, 3, 20.08
1530145145, 0, 15, 45, 39, 18, 2.24%, 7, 1, 3, 23.67
1530145171, 0, 17, 45, 38, 17, 2.24%, 7, 1, 3, 19.69
1530145222, 0, 18, 45, 37, 16, 2.24%, 7, 1, 3, 20.36
1530145294, 0, 20, 45, 36, 15, 2.24%, 7, 1, 3, 23.98
1530145417, 0, 20, 45, 36, 15, 2.24%, 8, 1, 3, 20.40
1530145438, 0, 21, 45, 35, 14, 2.24%, 8, 1, 3, 20.21
1530145489, 0, 22, 47, 36, 15, 2.25%, 8, 1, 3, 27.35
1530145535, 0, 22, 47, 36, 15, 2.25%, 9, 1, 3, 19.23
1530145546, 0, 24, 47, 35, 14, 2.25%, 9, 1, 3, 20.29
1530145566, 0, 24, 48, 36, 14, 2.25%, 9, 1, 3, 24.17
1530145602, 0, 25, 48, 35, 13, 2.25%, 9, 1, 3, 19.85
1530145648, 0, 25, 49, 36, 13, 2.25%, 9, 1, 3, 22.55
1530145659, 0, 26, 49, 35, 12, 2.25%, 9, 1, 3, 20.28
1530145674, 0, 26, 49, 35, 12, 2.25%, 9, 2, 3, 19.96
1530145715, 0, 27, 49, 34, 11, 2.25%, 9, 2, 3, 19.83
1530145776, 0, 28, 50, 34, 10, 2.25%, 9, 2, 3, 22.62
1530145812, 0, 28, 50, 34, 10, 2.25%, 9, 3, 3, 20.40
1530145843, 0, 28, 51, 35, 10, 2.25%, 9, 3, 3, 22.48
1530145848, 0, 29, 51, 34, 10, 2.25%, 9, 3, 3, 19.92
1530145905, 0, 31, 51, 33, 9, 2.25%, 9, 3, 3, 21.84
1530145910, 0, 31, 51, 33, 9, 2.25%, 9, 4, 3, 20.77
1530145930, 0, 31, 51, 33, 9, 2.25%, 9, 5, 3, 21.49
1530145951, 0, 32, 51, 32, 8, 2.25%, 9, 5, 3, 21.88
1530145992, 0, 33, 51, 31, 7, 2.25%, 9, 5, 3, 20.36
1530146002, 0, 33, 51, 31, 7, 2.25%, 9, 6, 3, 19.68
1530146234, 0, 33, 51, 31, 7, 2.25%, 10, 6, 3, 23.23
1530146321, 0, 34, 54, 33, 9, 2.26%, 10, 6, 3, 18.72
1530146393, 0, 35, 54, 32, 8, 2.26%, 10, 6, 3, 20.37
1530146440, 0, 36, 54, 31, 7, 2.26%, 10, 6, 3, 19.74
1530146506, 0, 45, 54, 30, 6, 2.26%, 10, 6, 3, 20.16
1530146578, 0, 46, 54, 29, 5, 2.26%, 10, 6, 3, 19.56
1530146639, 0, 50, 54, 28, 4, 2.26%, 10, 6, 3, 21.85
1530146691, 0, 51, 54, 27, 3, 2.26%, 10, 6, 3, 22.15
1530146742, 0, 52, 54, 26, 2, 2.26%, 10, 6, 3, 22.94
1530146794, 0, 53, 54, 25, 1, 2.26%, 10, 6, 3, 21.37
1530146809, 1, 1, 54, 24, 0, 2.26%, 10, 6, 3, 18.76
1530146876, 1, 1, 55, 25, 0, 2.26%, 10, 6, 3, 21.42
1530146891, 1, 3, 56, 26, 0, 2.26%, 10, 6, 3, 20.06
1530146907, 1, 6, 56, 26, 0, 2.26%, 10, 6, 3, 20.56
1530146984, 1, 7, 56, 26, 0, 2.26%, 10, 6, 3, 19.38
1530147035, 1, 8, 56, 25, 0, 2.26%, 10, 6, 3, 20.75
1530147056, 1, 8, 57, 26, 0, 2.26%, 10, 6, 3, 22.05
1530147087, 1, 9, 57, 25, 0, 2.26%, 10, 6, 3, 21.23
1530147133, 1, 9, 57, 25, 0, 2.26%, 11, 6, 3, 19.62
1530147159, 1, 13, 57, 25, 0, 2.26%, 11, 6, 3, 22.12
1530147318, 1, 15, 57, 25, 0, 2.26%, 11, 6, 3, 20.06
1530147395, 1, 16, 57, 25, 0, 2.26%, 11, 6, 3, 23.78
1530147442, 1, 17, 57, 24, 0, 2.26%, 11, 6, 3, 23.94
1530147498, 1, 18, 57, 24, 0, 2.26%, 11, 6, 3, 20.18
1530147570, 1, 19, 57, 24, 0, 2.26%, 11, 6, 3, 20.35
1530147622, 1, 20, 57, 23, 0, 2.26%, 11, 6, 3, 21.06
1530147827, 1, 21, 57, 23, 0, 2.26%, 11, 6, 3, 19.19
1530147868, 1, 22, 57, 23, 0, 2.26%, 11, 6, 3, 20.73
1530147924, 1, 24, 57, 23, 0, 2.26%, 11, 6, 3, 20.17
1530147929, 1, 24, 57, 23, 0, 2.26%, 11, 7, 3, 19.38
1530147975, 1, 25, 58, 24, 0, 2.26%, 11, 7, 3, 22.23
1530148032, 1, 26, 58, 24, 0, 2.26%, 11, 7, 3, 19.88
1530148067, 1, 26, 58, 24, 0, 2.26%, 11, 8, 3, 20.47
1530148093, 1, 26, 58, 24, 0, 2.26%, 11, 9, 3, 19.94
1530148103, 1, 27, 58, 24, 0, 2.26%, 11, 9, 3, 19.23
1530148119, 1, 27, 58, 24, 0, 2.26%, 11, 10, 3, 19.88
1530148165, 1, 28, 58, 24, 0, 2.26%, 11, 10, 3, 19.57
1530148231, 1, 29, 58, 24, 0, 2.26%, 11, 10, 3, 19.87
1530148308, 1, 31, 58, 24, 0, 2.26%, 11, 10, 3, 18.91
1530148339, 1, 31, 58, 24, 0, 2.26%, 11, 11, 3, 20.79
1530148354, 1, 32, 58, 24, 0, 2.26%, 11, 11, 3, 20.82
1530148405, 1, 33, 58, 24, 0, 2.26%, 11, 11, 3, 19.21
1530148646, 1, 33, 58, 24, 0, 2.26%, 11, 12, 3, 23.60
1530148667, 1, 33, 58, 24, 0, 2.26%, 11, 13, 3, 23.45
1530148718, 1, 34, 58, 24, 0, 2.26%, 11, 13, 3, 19.85
1530148779, 1, 35, 58, 24, 0, 2.26%, 11, 13, 3, 20.01
1530148825, 1, 36, 58, 24, 0, 2.26%, 11, 13, 3, 20.11
1530148882, 1, 45, 58, 24, 0, 2.26%, 11, 13, 3, 20.62
1530148948, 1, 46, 58, 24, 0, 2.26%, 11, 13, 3, 21.33
1530149004, 1, 46, 58, 24, 0, 2.26%, 11, 14, 3, 24.05
1530149020, 1, 50, 58, 24, 0, 2.26%, 11, 14, 3, 21.86
1530149071, 1, 51, 58, 24, 0, 2.26%, 11, 14, 3, 23.44
1530149081, 1, 51, 58, 24, 0, 2.26%, 11, 15, 3, 23.64
1530149087, 1, 51, 58, 24, 0, 2.26%, 11, 16, 3, 20.75
1530149107, 1, 51, 58, 24, 0, 2.26%, 11, 17, 3, 21.04
1530149123, 1, 52, 58, 24, 0, 2.26%, 11, 17, 3, 24.94
1530149168, 1, 53, 58, 24, 0, 2.26%, 11, 17, 3, 22.78
1530149179, 1, 56, 59, 25, 0, 2.26%, 11, 17, 4, 24.71
1530149312, 2, 1, 59, 24, 0, 2.26%, 11, 17, 4, 19.58
1530149389, 2, 3, 59, 24, 0, 2.26%, 11, 17, 4, 23.46
1530149409, 2, 6, 59, 24, 0, 2.26%, 11, 17, 4, 20.77
1530149481, 2, 9, 59, 24, 0, 2.26%, 11, 17, 4, 20.07
1530149552, 2, 13, 59, 24, 0, 2.26%, 11, 17, 4, 19.63
1530149711, 2, 15, 59, 24, 0, 2.26%, 11, 17, 4, 22.00
1530149782, 2, 17, 59, 24, 0, 2.26%, 11, 17, 4, 20.65
1530149833, 2, 18, 59, 24, 0, 2.26%, 11, 17, 4, 20.66
1530149904, 2, 20, 59, 24, 0, 2.26%, 11, 17, 4, 20.47
1530150162, 2, 21, 59, 24, 0, 2.26%, 11, 17, 4, 20.58
1530150208, 2, 22, 59, 24, 0, 2.26%, 11, 17, 4, 21.53
1530150264, 2, 24, 59, 24, 0, 2.26%, 11, 17, 4, 20.58
1530150315, 2, 25, 59, 24, 0, 2.26%, 11, 17, 4, 20.91
1530150366, 2, 26, 59, 24, 0, 2.26%, 11, 17, 4, 22.14
1530150442, 2, 27, 59, 24, 0, 2.26%, 11, 17, 4, 19.13
1530150514, 2, 28, 59, 24, 0, 2.26%, 11, 17, 4, 20.58
1530150580, 2, 29, 59, 24, 0, 2.26%, 11, 17, 4, 20.86
1530150657, 2, 31, 59, 24, 0, 2.26%, 11, 17, 4, 21.02
1530150703, 2, 32, 59, 24, 0, 2.26%, 11, 17, 4, 21.82
1530150745, 2, 33, 59, 24, 0, 2.26%, 11, 17, 4, 20.82
1530151073, 2, 34, 59, 24, 0, 2.26%, 11, 17, 4, 19.46
1530151155, 2, 35, 59, 24, 0, 2.26%, 11, 17, 4, 20.79
1530151206, 2, 59, 60, 25, 1, 2.27%, 11, 17, 4, 22.28
